instance_id,repo,resolved,n_messages,n_assistant,n_user,n_system,asst_chars_total,asst_chars_mean,asst_chars_max,user_chars_total,user_chars_mean,user_chars_max,system_chars_total,thought_chars_total,action_chars_total,thought_action_ratio,n_bash_total,n_bash_unique_verbs,n_workflow_complete,n_workflow_giveup,n_workflow_handover,n_share_memo_writes,rc_zero,rc_nonzero,rc_failure_rate,output_total_chars,output_max_chars,error_marker_total,reflect_marker_total,median_inter_assistant_sec,p95_inter_assistant_sec,phase_ISSUE_REPRODUCT_thought_chars,phase_ISSUE_REPRODUCT_action_chars,phase_ISSUE_REPRODUCT_user_chars,phase_ISSUE_REPRODUCT_assistant_msgs,phase_TEST_SYNTHSIZE_thought_chars,phase_TEST_SYNTHSIZE_action_chars,phase_TEST_SYNTHSIZE_user_chars,phase_TEST_SYNTHSIZE_assistant_msgs,phase_CODE_LOCALIZE_thought_chars,phase_CODE_LOCALIZE_action_chars,phase_CODE_LOCALIZE_user_chars,phase_CODE_LOCALIZE_assistant_msgs,phase_TEST_LOCALIZE_thought_chars,phase_TEST_LOCALIZE_action_chars,phase_TEST_LOCALIZE_user_chars,phase_TEST_LOCALIZE_assistant_msgs,phase_CODE_FIX_thought_chars,phase_CODE_FIX_action_chars,phase_CODE_FIX_user_chars,phase_CODE_FIX_assistant_msgs,phase_VERIFY_PATCH_thought_chars,phase_VERIFY_PATCH_action_chars,phase_VERIFY_PATCH_user_chars,phase_VERIFY_PATCH_assistant_msgs,phase_ISSUE_CLOSE_thought_chars,phase_ISSUE_CLOSE_action_chars,phase_ISSUE_CLOSE_user_chars,phase_ISSUE_CLOSE_assistant_msgs,phase_FINAL_REPORT_thought_chars,phase_FINAL_REPORT_action_chars,phase_FINAL_REPORT_user_chars,phase_FINAL_REPORT_assistant_msgs,err_Traceback,err_AssertionError,err_ImportError,err_ModuleNotFoundError,err_AttributeError,err_NameError,err_TypeError,err_ValueError,err_KeyError,err_SyntaxError,err_IndentationError,err_RuntimeError,err_FileNotFoundError,reflect_i_expect,reflect_i_will_check,reflect_let_me_try,reflect_not_sure,reflect_alternatively,reflect_however,reflect_wait,reflect_hmm,reflect_i_realised,reflect_should_have,reflect_going_back,bash_cat_file_io,bash_cat_edit,bash_cat_search,bash_cat_exec,bash_cat_test,bash_cat_vcs,bash_cat_shell_env,bash_cat_pkg,bash_cat_infra,bash_cat_other
astropy__astropy-12907,astropy/astropy,1,567,267,289,11,358908,1344.2247191011236,6445,864562,2991.5640138408303,30613,82694,90703,258214,0.35127065147513303,256,16,10,1,10,32,242,10,0.03968253968253968,519263,14912,14,112,5.124385237693787,36.280717253685,6127,15472,41255,22,7670,36385,70366,25,7092,20080,135615,19,10715,33839,120396,40,14198,56618,167209,49,32675,64601,209739,77,8884,26858,62084,24,3342,4361,57898,11,2,5,0,0,3,0,1,2,1,0,0,0,0,66,15,21,0,1,6,0,0,0,3,0,132,15,13,68,0,5,12,0,0,11
astropy__astropy-13033,astropy/astropy,0,450,213,229,8,286772,1346.3474178403756,8096,701176,3061.9039301310045,30614,59546,63233,215560,0.29334292076452034,205,15,8,0,7,30,191,8,0.04020100502512563,371549,21109,317,58,4.597084641456604,35.62004379034041,7398,18683,50638,29,11052,41281,85616,38,6771,19713,82219,22,9099,35057,140748,37,9506,46558,108054,33,7752,35404,95934,22,8819,15792,88122,22,2836,3072,49845,10,2,22,0,0,2,0,14,274,2,0,0,0,1,25,10,17,0,2,4,0,0,0,0,0,105,14,13,33,0,6,11,0,0,23
astropy__astropy-13236,astropy/astropy,0,574,275,291,8,365737,1329.9527272727273,9980,691502,2376.2955326460483,30615,59546,92798,262604,0.35337618619670685,267,16,8,0,7,29,253,9,0.03435114503816794,390111,14416,33,122,4.777862071990967,38.96859490871429,7558,19887,41270,31,13428,54672,61869,41,9287,25928,122098,27,17950,30306,157610,61,24029,77735,114793,54,9537,26505,94219,27,8506,24379,64402,26,2503,3192,35241,8,10,9,0,0,4,0,6,4,0,0,0,0,0,77,15,28,0,0,1,0,0,0,0,1,104,11,29,58,0,9,15,0,0,41
astropy__astropy-13398,astropy/astropy,0,586,281,297,8,439424,1563.7864768683273,13682,917811,3090.2727272727275,30610,59546,87752,341111,0.25725350399136937,273,14,8,0,7,36,254,12,0.045112781954887216,605371,18320,48,129,5.481894135475159,54.52403776645664,10167,52873,98512,47,16546,66008,73025,39,12358,34950,188054,39,15558,49921,134890,54,12793,59800,153017,45,7537,30224,121801,22,8695,42431,77904,21,4098,4904,70608,14,2,8,0,0,2,0,23,10,3,0,0,0,0,58,13,37,0,4,6,0,0,0,9,2,113,11,31,59,0,5,36,0,0,18
astropy__astropy-13453,astropy/astropy,1,622,299,315,8,338365,1131.6555183946489,8457,860174,2730.711111111111,30728,59546,89238,237881,0.3751371484061358,291,16,8,0,7,25,270,15,0.05263157894736842,546004,22352,108,74,4.7691909074783325,29.613261377811426,7430,26239,114712,32,7934,35692,91758,29,11037,38310,117892,38,12183,34232,155941,37,33221,62362,195516,103,6121,21434,74739,24,7518,14652,55561,26,3794,4960,54055,10,4,3,26,1,2,0,59,11,2,0,0,0,0,34,9,20,0,1,1,0,0,2,6,1,103,17,32,67,0,13,4,0,0,55
astropy__astropy-13579,astropy/astropy,1,733,350,372,11,448252,1280.72,8268,1059799,2848.9220430107525,30612,82694,115471,319648,0.3612442436680348,339,16,10,1,9,32,309,19,0.057926829268292686,658258,27479,83,121,5.637183427810669,30.64542913436889,9070,44203,110155,30,9929,27821,79268,26,8259,21053,115314,23,13777,29917,165338,43,33731,90565,196371,104,29982,82543,275820,92,7411,19712,61424,22,3312,3834,56109,10,16,13,3,0,18,0,3,28,1,0,0,0,1,37,15,50,0,2,17,0,0,0,0,0,151,13,13,76,0,10,45,0,0,31
astropy__astropy-13977,astropy/astropy,0,474,225,241,8,292606,1300.4711111111112,10549,712246,2955.377593360996,30614,59546,68744,213296,0.3222939014327507,217,18,8,0,7,31,201,4,0.01951219512195122,434515,28759,468,61,4.605161905288696,33.466033089160916,7043,32346,67059,30,7962,37887,68184,31,6833,26875,129552,24,13854,38355,124994,46,10883,26426,82097,34,8185,31002,89529,24,8913,16009,84224,23,5071,4396,66607,13,2,18,1,0,2,0,17,428,0,0,0,0,0,20,12,20,0,2,4,0,0,0,1,2,107,11,19,34,0,6,13,0,0,27
astropy__astropy-14096,astropy/astropy,1,426,201,217,8,270050,1343.5323383084576,7746,513773,2367.6175115207375,30616,59546,61669,200897,0.3069682474103645,192,15,8,0,7,35,184,3,0.016042780748663103,293487,15805,340,70,4.840619921684265,32.349084568023656,9227,20921,33586,28,5867,33501,40441,27,10900,25264,108822,32,9275,33515,108137,34,7379,22912,63619,27,8137,40560,58167,23,5803,19606,49250,18,5081,4618,51751,12,13,3,0,0,255,0,32,37,0,0,0,0,0,35,9,17,0,1,1,0,0,0,6,1,97,10,15,34,0,5,8,0,0,23
astropy__astropy-14182,astropy/astropy,0,560,268,284,8,291317,1087.0037313432836,7169,653251,2300.1795774647885,30614,59546,77173,204112,0.3780914399937289,259,16,8,0,7,25,240,15,0.058823529411764705,425415,17387,224,103,5.224671125411987,26.97217001914977,6970,18829,70121,25,7538,35914,73638,32,14587,23445,118620,33,9770,36523,94739,34,20770,56538,132517,94,8331,15184,70509,21,6274,14322,57363,20,2933,3357,35744,9,39,7,10,0,13,0,141,12,0,0,0,0,2,67,9,20,0,2,2,0,0,0,3,0,99,9,17,79,3,8,11,0,0,33
astropy__astropy-14309,astropy/astropy,1,721,344,366,11,383731,1115.4970930232557,8165,918216,2508.7868852459014,30614,82694,114843,255975,0.4486492821564606,333,13,10,1,10,31,317,11,0.03353658536585366,544970,18299,144,153,4.8258514404296875,25.33477764129638,8775,13026,37405,29,11721,61079,61987,48,8176,29322,90037,24,23831,34295,158072,57,20597,49802,202619,64,31794,54774,291083,93,7729,10793,42604,22,2220,2884,34409,7,14,20,0,0,1,0,1,6,2,0,0,0,100,85,12,45,0,0,11,0,0,0,0,0,150,12,31,64,0,7,33,0,0,36
astropy__astropy-14365,astropy/astropy,1,930,441,473,16,492066,1115.795918367347,7463,1304732,2758.4186046511627,30612,121536,143644,331828,0.43288691731861084,423,18,14,3,15,45,380,14,0.03553299492385787,864511,20235,358,154,5.399133563041687,37.872625398635854,8873,32804,67511,32,8690,40798,72052,33,7476,21288,120061,24,13998,34094,127687,48,36302,69914,335945,117,57660,117394,486891,156,7675,12488,60697,22,2970,3048,33888,9,42,7,0,0,0,0,4,303,0,0,0,0,2,53,17,66,0,3,13,0,0,1,1,0,224,22,16,101,0,21,20,0,0,19
astropy__astropy-14369,astropy/astropy,1,510,243,259,8,284302,1169.9670781893003,9236,708473,2735.4169884169883,30615,59546,76569,198614,0.38551663024761595,235,17,8,0,7,28,223,9,0.03879310344827586,437063,14561,89,57,5.035870432853699,46.21593022346496,10958,24496,69930,33,8249,22860,58300,32,10248,44567,113364,30,14420,39798,153219,43,11612,31416,101691,44,8491,16886,79120,22,9363,14019,67295,27,3228,4572,65554,12,17,16,0,0,1,0,1,54,0,0,0,0,0,16,8,26,0,0,5,0,0,2,0,0,114,9,26,31,1,9,23,0,0,22
astropy__astropy-14508,astropy/astropy,1,787,377,399,11,459334,1218.3925729442972,11241,1119109,2804.784461152882,30613,82694,119554,325250,0.36757571099154496,363,15,10,1,10,27,311,19,0.05757575757575758,664943,20717,130,194,5.628716230392456,49.45936596393585,7523,23936,66900,33,12767,99317,69395,45,10538,29172,151933,22,17882,28373,214416,63,28430,64525,222395,93,31487,61680,254411,88,7043,14610,84437,22,3884,3637,55222,11,0,1,0,0,91,0,11,25,0,2,0,0,0,58,11,44,0,4,14,0,0,1,1,61,134,25,39,109,0,11,12,0,0,33
astropy__astropy-14539,astropy/astropy,1,738,351,375,12,376653,1073.08547008547,8567,943865,2516.9733333333334,30614,90148,108861,254623,0.4275379678976369,339,17,12,0,11,28,323,8,0.02416918429003021,629144,22207,169,135,5.1783095598220825,31.262776589393642,6830,20877,49364,28,14876,46520,96103,43,9027,14795,88664,26,14075,39864,148353,57,16150,33244,145851,50,38350,75283,326679,114,6190,20349,52642,23,3363,3691,36209,10,1,2,0,0,21,0,1,144,0,0,0,0,0,73,14,37,0,4,5,0,0,1,0,1,143,17,17,89,0,10,25,0,0,38
astropy__astropy-14598,astropy/astropy,0,610,293,309,8,366020,1249.2150170648465,13210,620895,2009.368932038835,25873,59546,76529,277795,0.27548731978617325,285,15,8,0,7,48,271,7,0.025179856115107913,415380,25829,54,94,5.241957902908325,44.616347134113276,9666,32912,84436,43,9496,51546,65912,32,7074,45709,119051,32,21671,44209,116427,93,8483,27844,73276,34,11159,46614,69886,28,5559,25686,49896,20,3421,3275,42011,11,7,0,0,0,37,0,1,7,0,0,0,0,2,28,11,52,0,0,0,1,0,2,0,0,108,15,22,32,0,7,58,0,0,43
astropy__astropy-14995,astropy/astropy,1,440,208,224,8,270791,1301.8798076923076,7217,750158,3348.9196428571427,30614,59546,65266,197734,0.3300696895829751,200,15,8,0,7,30,191,6,0.030456852791878174,489080,29124,190,78,4.658573389053345,33.588261294364905,7082,15751,67877,28,10519,30151,80717,32,6874,20313,100688,20,11824,31844,156796,45,7495,22944,110056,27,7918,37528,94293,23,9977,35742,82797,22,3577,3461,56934,11,10,0,0,0,0,0,147,23,10,0,0,0,0,42,13,11,0,1,1,0,0,0,10,0,104,11,19,27,0,4,18,0,0,17
astropy__astropy-7166,astropy/astropy,1,426,201,217,8,313702,1560.7064676616915,9674,602710,2777.4654377880183,30613,59546,63969,242208,0.2641077090764962,193,14,8,0,7,37,175,8,0.04371584699453552,321347,13630,39,79,4.6346094608306885,36.10582193136208,7501,35634,82819,27,7814,37227,43783,24,5603,24092,87577,19,9221,30902,138315,34,10564,36093,88925,35,8464,54545,72750,26,11757,20835,57043,27,3045,2880,31498,9,2,3,0,0,3,0,24,7,0,0,0,0,0,41,10,20,0,1,5,0,0,0,2,0,93,9,11,39,0,6,9,0,0,26
astropy__astropy-7336,astropy/astropy,1,495,234,252,9,278084,1188.3931623931624,11378,754776,2995.1428571428573,30612,67000,79161,190161,0.4162840961080348,225,16,9,0,8,37,211,9,0.04090909090909091,450837,22893,297,92,5.392029762268066,29.529197645187374,6376,13240,54762,22,11557,35058,59731,42,9057,19558,147129,25,11070,22998,134599,35,9222,23554,96977,26,21363,48297,158683,56,6891,24398,72074,19,3625,3058,30821,9,60,0,0,0,162,0,33,37,5,0,0,0,0,45,10,32,0,1,1,0,0,3,0,0,123,15,7,47,0,6,13,0,0,14
astropy__astropy-7606,astropy/astropy,0,442,209,225,8,266896,1277.0143540669856,11502,502306,2232.471111111111,30797,59546,63043,196046,0.32157248808953,200,16,9,0,7,34,186,9,0.046153846153846156,255559,11285,543,67,4.2092883586883545,30.48943610191344,5904,16770,35756,24,7459,31582,37038,26,7788,19602,106810,28,11509,25025,104025,35,10455,30002,74633,42,9762,41007,58301,22,7348,28343,53294,24,2818,3715,32449,8,10,22,0,0,0,0,483,28,0,0,0,0,0,37,15,11,0,1,1,0,0,0,0,2,96,11,14,31,0,9,3,0,0,36
astropy__astropy-7671,astropy/astropy,1,1293,609,659,25,739588,1214.4302134646962,8888,1855064,2814.96813353566,30613,192552,206031,510828,0.40332753881932865,582,16,17,10,24,57,528,16,0.029411764705882353,1115308,29050,1208,268,4.000117540359497,29.32855259180066,9506,22786,40676,31,8731,41988,61526,31,7536,26898,120372,25,7993,31762,117023,36,86516,134226,668446,232,75102,208782,741824,221,7846,40163,67947,23,2801,4223,37250,10,27,0,45,4,12,0,1111,9,0,0,0,0,0,86,31,94,0,30,22,1,0,1,0,3,302,30,14,168,0,28,7,0,0,33
astropy__astropy-8707,astropy/astropy,0,1245,595,632,18,666881,1120.8084033613445,9318,1478629,2339.602848101266,30614,136444,177671,466879,0.38055042098702235,577,19,14,3,17,40,540,27,0.047619047619047616,977461,29934,557,215,5.1513636112213135,36.02034658193588,12350,42358,86757,43,9553,44762,64429,35,9323,20117,125872,30,14983,50227,138373,60,43390,115341,349911,153,78453,179402,632772,242,5817,11162,33040,21,3802,3510,47475,11,15,27,1,0,37,0,385,36,55,0,0,0,1,42,21,121,0,7,20,0,0,2,0,2,230,41,42,129,0,26,59,0,0,50
astropy__astropy-8872,astropy/astropy,0,472,224,240,8,286890,1280.7589285714287,6072,604075,2516.9791666666665,30614,59546,72059,206434,0.34906556090566476,216,16,8,0,7,35,205,2,0.00966183574879227,293452,11664,35,123,5.695711851119995,37.315019059181196,6282,15201,37126,25,13709,56513,56116,44,9438,29931,158634,28,19668,40117,142693,48,7947,19265,69038,26,5761,26922,60219,22,6559,15461,50487,22,2695,3024,29762,9,0,0,2,0,7,0,25,1,0,0,0,0,0,70,8,27,0,0,5,0,0,1,12,0,91,12,20,50,0,4,19,0,0,20
django__django-10554,django/django,0,690,333,349,8,402607,1209.03003003003,7826,820384,2350.6704871060174,30614,59546,89818,295772,0.3036730995496531,325,18,8,0,7,53,309,8,0.025236593059936908,513966,17570,107,86,4.32766330242157,36.8473799586296,22947,78397,151830,82,12312,68296,82377,54,8570,26806,171616,37,16734,40818,131808,65,10609,29482,89358,36,8880,36103,78278,25,6537,12332,69346,24,3229,3538,45771,10,41,22,6,9,18,0,6,1,0,0,0,4,0,18,8,50,0,2,3,0,0,1,3,1,136,22,57,24,0,1,37,0,0,48
django__django-10880,django/django,1,548,262,278,8,285743,1090.6221374045801,11048,676442,2433.244604316547,30612,59546,73727,202175,0.36466922220848275,254,15,8,0,7,29,236,13,0.05220883534136546,462503,23567,114,90,4.006342649459839,29.877713680267334,11425,27100,87797,43,7586,53249,62932,29,8156,21805,127948,27,20074,46253,165638,77,8011,18742,68391,29,8867,17118,60409,23,6139,14528,52817,22,3469,3380,50510,12,12,10,4,2,48,0,25,5,0,1,0,4,3,37,9,34,0,3,1,0,0,3,3,0,114,15,44,38,0,4,21,0,0,18
django__django-10914,django/django,1,556,266,282,8,363840,1367.8195488721803,10048,700197,2482.968085106383,30616,59546,81458,272448,0.29898549447968054,256,14,9,0,7,34,237,14,0.055776892430278883,352760,12424,37,84,4.781852960586548,36.501203298568726,7423,18566,49870,31,16285,74012,61041,48,9190,21997,187488,28,14986,29131,119021,49,10444,41758,82451,36,13350,56848,90843,42,7204,26184,66335,23,2576,3952,43148,9,6,4,2,3,15,0,1,0,0,0,0,1,5,27,8,27,0,0,0,0,0,0,22,0,88,10,29,52,0,3,36,0,0,38
django__django-10973,django/django,1,462,219,235,8,311513,1422.433789954338,8225,614541,2615.068085106383,30611,59546,68507,234875,0.2916742948376796,209,14,8,0,7,31,185,12,0.06091370558375635,380776,14047,22,51,5.230502724647522,38.31089580059051,7770,27428,47971,29,9389,59803,57984,35,8866,21312,106634,25,11695,50341,113655,40,11253,35106,105204,35,8343,20206,74524,24,7587,16658,76288,22,3604,4021,32281,9,7,7,1,1,0,0,1,0,0,0,0,1,4,19,8,22,0,0,2,0,0,0,0,0,116,10,11,44,0,6,18,0,0,4
django__django-10999,django/django,0,378,177,193,8,251118,1418.7457627118645,7592,477059,2471.8082901554403,30614,59546,53170,191337,0.2778866607085927,169,13,8,0,7,34,160,4,0.024390243902439025,236109,9345,32,39,4.975240111351013,38.682098388671875,7297,28259,53383,24,9165,28037,55357,28,5327,34226,76871,18,8970,23312,102756,31,4875,20331,62360,22,7897,37979,51971,24,6235,15908,40845,19,3404,3285,33516,11,2,1,0,0,6,0,0,21,0,0,0,0,2,18,8,9,0,1,3,0,0,0,0,0,98,8,6,39,0,5,5,0,0,8
django__django-11066,django/django,1,1262,595,643,24,731595,1229.5714285714287,12242,2181459,3392.6267496111977,30614,184312,202896,506656,0.4004610623381545,564,17,18,9,23,35,523,19,0.03505535055350553,1459867,24063,39,281,4.125185012817383,35.19871557950974,10872,36823,61134,41,13771,87796,86248,50,7299,21483,101433,22,13972,56775,202195,48,55694,121181,664029,168,92504,159901,931209,238,5470,18591,66740,17,3314,4106,68471,11,12,4,7,4,1,0,0,3,0,0,0,8,0,89,25,87,0,0,38,0,0,0,0,42,287,36,33,122,0,31,21,0,0,34
django__django-11087,django/django,0,1941,925,986,30,1140282,1232.7372972972973,11749,3050668,3093.9837728194725,32070,229390,281198,823605,0.34142337649722865,888,18,21,9,29,70,821,38,0.04423748544819558,1852718,29348,342,318,4.1379101276397705,32.29162945747374,31745,126682,317461,128,9681,57539,94024,40,8209,22529,105763,27,12287,37628,153877,44,89704,276433,1048494,303,119030,287084,1230161,351,7195,12294,51239,21,3347,3416,49649,11,197,104,7,5,5,0,7,3,1,1,3,8,1,93,32,150,0,4,32,0,0,3,3,1,434,49,54,181,0,37,78,0,0,55
django__django-11095,django/django,1,550,263,279,8,314042,1194.0760456273765,7926,676764,2425.6774193548385,30613,59546,76716,227447,0.33729176467484734,255,16,8,0,7,34,239,11,0.044,393794,12951,29,87,5.0168217420578,36.128930032253265,8762,31179,56432,37,9205,63225,83961,42,9674,23600,111179,31,16727,39622,169897,65,12727,23920,76422,32,7504,23118,76835,22,8692,19557,68285,23,3425,3226,33753,11,10,1,2,4,9,0,0,0,0,0,0,3,0,45,9,27,0,0,1,0,0,0,5,0,112,13,27,42,0,3,25,0,0,33
django__django-11099,django/django,1,414,195,211,8,274971,1410.1076923076923,8653,493337,2338.090047393365,23582,59546,62578,205099,0.30511119020570554,187,14,8,0,7,32,170,12,0.06593406593406594,312898,18855,20,65,5.301779270172119,36.17372953891754,7341,54438,61633,25,7271,45322,61495,23,9205,16009,53745,23,14745,26363,83907,40,6258,23605,73759,23,6866,15854,56720,24,7016,20297,45381,24,3876,3211,56697,13,7,0,1,4,0,0,2,4,1,0,0,0,1,25,13,12,0,12,1,0,0,1,1,0,106,11,7,37,0,1,13,0,0,12
django__django-11119,django/django,1,494,235,251,8,272150,1158.0851063829787,8565,611355,2435.6772908366534,30613,59546,67217,196120,0.3427340403834387,227,17,8,0,7,33,213,11,0.049107142857142856,402481,23124,42,69,4.682636260986328,33.30935473442077,6162,22713,50621,24,7125,24739,39882,23,7360,24089,87366,26,14053,30957,183883,53,10690,35720,87006,46,10315,35834,64501,26,8294,18104,52227,27,3218,3964,45869,10,8,1,1,5,3,0,8,0,4,8,0,4,0,27,11,24,0,0,2,0,0,1,4,0,111,11,19,37,0,11,15,0,0,23
django__django-11133,django/django,1,446,211,227,8,254835,1207.7488151658767,8252,643456,2834.6079295154186,30615,59546,60788,186143,0.32656613463842316,203,15,8,0,7,24,195,5,0.025,341970,19732,109,68,4.594416856765747,36.46365585327148,8667,20685,108309,36,7906,22949,77044,30,6916,16857,81454,22,10449,55474,121284,41,7651,30426,102269,24,9553,24090,77753,27,6772,12803,46027,23,2874,2859,29316,8,3,2,1,1,70,0,13,13,6,0,0,0,0,32,9,19,0,2,2,0,0,1,3,0,88,8,21,52,0,5,12,0,0,17
django__django-11138,django/django,1,1744,836,884,24,1145788,1370.5598086124403,86604,2585862,2925.183257918552,30616,184312,262305,851429,0.3080761872099729,807,18,18,7,23,37,744,43,0.054637865311308764,1768986,25668,183,306,4.407231569290161,40.396474027633666,15177,49596,133049,60,16010,96502,151893,59,14938,30149,135633,48,19553,39741,213176,77,101392,437666,847389,330,83663,171888,1003150,231,8457,21123,58816,23,3115,4764,42756,8,18,1,3,8,4,0,18,126,1,3,0,1,0,102,28,137,0,1,24,0,0,1,11,2,321,35,99,137,0,33,50,0,0,132
django__django-11141,django/django,1,528,252,268,8,282309,1120.2738095238096,10073,640393,2389.526119402985,23647,59546,70595,202253,0.3490430302640752,244,17,8,0,7,24,226,13,0.05439330543933055,453248,23131,75,91,3.9661965370178223,30.746808171272278,12204,30322,108656,51,6897,32886,48997,23,5262,32619,88850,19,12744,39192,137755,52,16842,34903,115890,53,6767,15338,60307,22,6009,12987,40402,21,3870,4006,39536,11,18,7,31,3,1,0,0,6,3,0,0,4,2,23,10,45,0,3,10,0,0,0,0,0,101,9,28,35,0,8,27,0,0,36
django__django-11149,django/django,1,500,238,254,8,342826,1440.4453781512605,10401,720459,2836.452755905512,30613,59546,69922,263976,0.26488014061884413,230,16,8,0,7,37,218,7,0.03111111111111111,467419,13260,22,69,4.844218969345093,36.595675182342525,10037,34657,92766,41,9768,66149,84319,40,7747,29391,119786,23,13135,42561,152623,44,8392,29470,107111,34,9326,41122,69146,21,6885,17052,46258,22,4632,3574,48450,13,9,1,3,7,1,0,0,0,0,0,0,1,0,31,8,19,0,2,0,0,0,0,9,0,112,11,29,29,0,6,19,0,0,24
django__django-11163,django/django,1,454,215,231,8,243300,1131.6279069767443,8937,622274,2693.8268398268397,30614,59546,64908,170338,0.381054139416924,207,16,8,0,7,19,199,7,0.03398058252427184,387067,25278,20,64,4.958254337310791,29.3093915581703,7296,18808,48784,28,9671,27653,45575,27,6569,17198,96532,19,15537,32718,199078,58,6583,26146,78305,26,7220,16519,60242,23,8723,27960,46548,24,3309,3336,47210,10,4,8,0,6,1,0,0,0,0,0,0,1,0,29,10,16,0,2,7,0,0,0,0,0,75,14,18,42,0,6,24,0,0,28
django__django-11179,django/django,1,478,227,243,8,274504,1209.2687224669603,6799,621922,2559.349794238683,30616,59546,67527,198466,0.34024467667005936,219,16,8,0,7,38,205,6,0.02843601895734597,401090,19130,19,89,4.33174729347229,31.824165105819702,12264,34713,65330,47,8774,42523,52917,31,6521,17768,86148,20,10000,34016,137843,38,9614,25629,95404,32,10480,20183,71292,26,5620,19821,62716,19,4254,3813,50272,14,5,0,3,3,1,0,4,0,0,0,0,3,0,39,8,23,0,0,6,0,0,0,13,0,116,12,22,33,0,4,11,0,0,21
django__django-11206,django/django,1,656,310,334,12,419836,1354.3096774193548,10744,922599,2762.27245508982,30613,90934,93902,314503,0.29857266862319276,293,14,10,3,11,38,273,12,0.042105263157894736,570785,21147,44,119,4.559924840927124,41.801124238967894,5421,19921,33443,23,8430,31039,48105,22,5612,16840,83500,16,10120,40839,123844,38,35240,98776,295950,119,18436,83875,195061,61,7902,18372,89207,22,2741,4841,53489,9,21,12,1,4,0,0,6,0,0,0,0,0,0,37,13,52,0,2,13,0,0,1,0,1,144,14,13,81,0,9,22,0,0,10
django__django-11211,django/django,1,677,325,343,9,405563,1247.8861538461538,12049,800800,2334.6938775510203,30616,67000,91250,302114,0.3020383034218871,315,13,10,0,8,48,298,10,0.032467532467532464,527545,26690,51,93,4.582983613014221,35.194959139823816,20781,87504,143417,87,6609,51163,59591,26,11763,26884,121056,32,13263,37853,146589,54,9072,32964,70583,31,20009,30329,151935,64,6867,30529,60873,22,2886,4888,46756,9,18,1,2,2,8,0,3,13,2,0,0,2,0,29,9,48,0,0,2,0,0,4,0,1,152,23,41,36,0,6,37,0,0,20
django__django-11239,django/django,0,394,185,201,8,247108,1335.718918918919,9575,516995,2572.1144278606967,30614,59546,59602,180591,0.3300385955003295,177,14,8,0,7,28,165,8,0.046242774566473986,301568,14526,15,72,5.295234203338623,33.61857882738112,8162,24065,67105,25,6607,31032,43784,23,5598,18556,86612,20,12013,41006,95584,40,8214,18492,68742,24,7594,19901,65471,23,8462,23845,49607,20,2952,3694,40090,10,7,1,1,3,0,1,0,0,1,0,0,0,1,40,10,18,0,2,2,0,0,0,0,0,107,9,9,25,0,4,13,0,0,10
django__django-11265,django/django,1,1558,759,786,13,799279,1053.068511198946,9090,1715885,2183.059796437659,30614,101018,231244,539345,0.4287496871204887,741,18,12,1,12,68,665,60,0.08275862068965517,1239698,25025,219,262,5.298378944396973,31.613335323333736,9477,38777,84608,40,7503,56024,109919,31,57086,119259,431005,166,28035,47073,320790,79,96644,225035,429985,340,22883,35826,218966,70,6593,13855,66249,22,3023,3496,54363,11,119,16,2,3,20,0,1,50,3,0,2,3,0,71,13,152,0,4,12,0,0,4,4,2,220,41,60,176,0,33,54,0,0,157
django__django-11276,django/django,1,815,388,414,13,544801,1404.1262886597938,14056,1321455,3191.9202898550725,30616,98388,127291,403053,0.3158170265448961,372,17,11,3,12,45,332,26,0.07262569832402235,922569,25998,100,144,5.790338039398193,48.60127506256103,7001,22841,70379,33,8657,42077,92218,30,9713,33421,154960,31,14668,48164,133021,44,35040,120007,327285,105,43874,112482,403093,115,5145,19304,83087,20,3193,4757,57412,10,17,39,7,5,2,0,4,22,0,1,0,3,0,58,15,59,0,1,10,0,0,1,0,0,174,23,42,74,0,12,27,0,0,20
django__django-11292,django/django,1,536,256,272,8,289377,1130.37890625,6869,749579,2755.8051470588234,30616,59546,71791,207974,0.3451921874849741,248,16,8,0,7,25,235,11,0.044715447154471545,509645,21236,54,69,4.391826391220093,30.399950480461115,8228,35906,107236,28,9415,40165,118138,36,8111,24456,132135,27,15013,28847,119793,57,10552,30301,110168,44,9577,20037,75210,30,6729,24679,44488,22,4166,3583,42411,12,3,0,11,2,18,0,12,0,6,0,0,2,0,18,8,32,0,0,3,0,0,1,7,0,126,10,30,30,0,5,18,0,0,29
django__django-11299,django/django,1,574,275,291,8,315654,1147.8327272727272,8326,702054,2412.556701030928,30614,59546,77124,228196,0.3379726200283966,267,15,8,0,7,36,253,11,0.041666666666666664,404226,15204,39,85,4.54218065738678,34.36110181808471,14635,37721,81120,67,8362,47993,63665,31,10522,29078,170934,28,15554,26948,132405,59,9594,35877,83321,32,5226,29836,60913,22,9799,17243,56186,24,3432,3500,53510,12,9,1,6,2,4,0,0,14,0,0,0,3,0,32,9,38,0,0,3,0,0,3,0,0,119,16,42,29,0,8,20,0,0,33
django__django-11333,django/django,1,566,271,287,8,369589,1363.7970479704798,10027,798540,2782.369337979094,30613,59546,75170,284237,0.2644624028539564,263,17,8,0,7,43,241,20,0.07662835249042145,545155,27046,84,109,4.775006294250488,42.089959371089925,7861,32823,96870,29,13201,68381,83751,36,8675,37118,136328,33,13182,34823,164998,58,13997,36834,108335,55,8560,54200,70472,24,6014,15657,83881,23,3680,4401,53905,13,12,1,9,3,32,3,6,7,7,0,0,2,2,24,8,49,0,0,2,0,0,1,25,0,140,11,24,46,0,4,9,0,0,29
django__django-11400,django/django,0,564,270,286,8,330821,1225.262962962963,8612,765654,2677.111888111888,30612,59546,78517,242159,0.3242373812247325,262,16,8,0,7,27,239,17,0.06640625,501752,18020,25,144,4.57607889175415,32.28758192062378,15046,40770,110886,55,12521,47844,77947,43,10428,32534,104875,33,15606,46929,154948,47,8056,26097,106501,40,7215,19932,82490,21,6388,22481,67928,21,3257,5572,60079,10,12,1,1,5,1,0,2,2,0,0,0,1,0,16,8,37,0,0,1,0,0,1,11,70,105,12,26,39,0,4,34,0,0,42
django__django-11433,django/django,0,556,266,282,8,367871,1382.9736842105262,14233,786870,2790.31914893617,30615,59546,80304,277612,0.28926703456622915,257,15,8,0,7,29,237,16,0.06324110671936758,501074,24285,52,100,4.289962530136108,38.6558235645294,11263,60116,112668,49,9462,55731,66323,25,10694,20628,123319,23,16890,36340,205013,55,14289,64500,113990,57,7260,16759,68585,23,7580,19845,59979,25,2866,3693,36993,9,15,11,2,6,0,1,6,9,0,0,0,2,0,54,9,28,0,1,6,0,0,1,0,1,112,23,43,33,0,9,12,0,0,25
django__django-11451,django/django,1,522,249,265,8,306159,1229.55421686747,11879,672132,2536.347169811321,29808,59546,71412,225400,0.3168234250221828,241,13,8,0,7,26,219,16,0.06808510638297872,472715,29764,61,68,4.626922607421875,30.48726060390471,9705,23376,95832,49,7778,43986,78129,28,7657,55881,106520,22,16577,36171,116475,50,8940,23681,92626,43,8890,21471,91408,26,8120,17194,45393,21,3745,3640,45749,10,12,7,4,5,0,0,18,5,0,1,0,9,0,28,8,30,0,0,1,0,0,0,1,0,108,12,31,34,0,5,34,0,0,17
django__django-11477,django/django,0,464,220,236,8,271546,1234.3,7516,798854,3384.9745762711864,30615,59546,63348,199954,0.31681286695940064,212,14,8,0,7,31,196,9,0.04390243902439024,585920,28672,45,65,4.911661386489868,38.66015894412993,12075,40802,129801,44,9154,52685,71895,35,7204,17927,155048,23,9443,34511,184647,35,7780,19960,87954,26,6513,17659,62811,23,7505,12492,64993,23,3674,3918,41705,11,5,0,8,3,11,0,2,5,5,0,0,4,2,25,8,21,0,5,1,0,0,0,0,5,108,12,25,38,0,4,17,0,0,8
django__django-11490,django/django,1,570,273,289,8,321050,1176.007326007326,7215,657699,2275.7750865051903,30615,59546,78603,232266,0.3384180207176255,263,18,8,0,7,45,247,10,0.038910505836575876,406227,10134,26,68,4.888527274131775,42.924713611602776,10261,22900,78490,43,11131,67118,53815,45,9413,21699,97120,25,14162,33193,157262,53,13848,24542,107697,46,8630,32338,68147,26,7677,27195,52250,23,3481,3281,42918,12,9,0,2,3,4,0,2,1,0,0,0,5,0,27,8,28,0,3,2,0,0,0,0,0,129,11,39,28,0,3,22,0,0,31
django__django-11532,django/django,0,512,244,260,8,267237,1095.233606557377,11133,733912,2822.7384615384617,30614,59546,70311,187770,0.3744527879853012,236,16,8,0,7,11,223,10,0.04291845493562232,470361,20390,97,97,4.907477855682373,31.5202757358551,7195,18650,94091,35,11967,31094,56886,29,7675,28999,101460,31,15403,39046,193552,64,10775,24930,106406,30,7404,22058,72792,22,6767,18840,58832,23,3125,4153,49893,10,30,12,4,5,0,0,13,24,5,0,0,4,0,42,8,28,0,4,3,0,0,2,0,10,95,16,25,62,0,6,17,0,0,15
django__django-11551,django/django,1,518,247,263,8,337288,1365.5384615384614,9072,818501,3112.171102661597,30614,59546,73279,254759,0.28764047590075326,239,17,8,0,7,35,222,14,0.059322033898305086,344309,12307,216,75,4.722005367279053,36.47595113515854,11619,52113,117990,46,12929,61090,102082,44,6770,25363,137369,18,12498,47224,196937,46,10428,30236,101442,38,7533,19323,66307,22,7135,15999,51249,21,4367,3411,45125,12,25,18,7,5,157,0,1,1,0,0,0,2,0,25,9,29,0,0,1,0,0,1,6,4,112,12,30,25,0,4,28,0,0,28
django__django-11555,django/django,1,1646,784,836,26,792309,1010.5982142857143,8771,2451738,2932.700956937799,30615,198434,243334,520257,0.46771883895843785,739,16,21,7,24,53,693,27,0.0375,1691308,28307,588,281,4.718912839889526,37.32200260162353,20668,57583,73412,76,12593,53193,81063,47,10818,19169,122945,34,13551,35230,127339,57,65449,188936,783464,231,110633,149825,1119104,306,6411,12252,95619,21,3211,4069,48792,12,91,72,9,3,2,0,400,9,0,0,0,2,0,68,29,152,0,2,22,0,0,2,6,0,364,36,49,146,0,30,47,0,0,67
django__django-11603,django/django,1,480,228,244,8,286427,1256.2587719298247,11167,600675,2461.782786885246,30615,59546,72731,205148,0.354529412911654,220,16,8,0,7,31,206,10,0.046296296296296294,382629,13780,288,86,4.44101357460022,35.669163632392866,9374,26037,59203,35,8137,28877,57567,27,6336,17967,84977,22,15206,45742,128601,53,12193,20940,89511,36,9275,41366,69336,23,8523,19591,63509,22,3687,4628,47971,10,7,0,4,6,30,0,229,8,0,0,0,3,1,37,11,36,0,0,0,0,0,0,2,0,105,12,30,33,0,2,21,0,0,17
django__django-11728,django/django,1,577,275,293,9,316296,1150.1672727272728,8632,769243,2625.4027303754265,30613,67000,76880,229095,0.33558130906392547,266,16,9,0,8,34,251,8,0.03088803088803089,425383,15830,12,79,4.7540494203567505,33.22254902124398,8242,28371,59082,28,8053,40446,66332,31,6087,17527,142657,18,10834,43040,131392,45,12818,25539,85236,48,22327,39077,178726,72,5309,31539,60734,21,3210,3556,45084,12,3,3,2,1,1,0,0,0,0,0,0,1,1,19,9,40,0,3,4,0,0,4,0,0,116,12,21,70,0,9,16,0,0,22
django__django-11734,django/django,1,1727,845,870,12,655648,775.9147928994083,9320,1591243,1829.0149425287357,30612,93536,256984,368911,0.6966016193607673,773,15,10,1,11,49,707,59,0.07702349869451697,1160206,17789,295,147,4.474057912826538,141.9004156589508,18130,58498,119554,74,8895,66638,72804,33,45709,56328,381135,153,19637,60405,213803,68,146840,85508,659266,460,6795,23959,61492,24,7342,14237,51618,23,3636,3338,31571,10,53,48,4,0,1,3,8,174,0,0,0,4,0,33,12,97,0,2,3,0,0,0,0,0,159,25,231,115,0,32,61,0,0,150
django__django-11740,django/django,1,745,359,377,9,382153,1064.493036211699,10420,984386,2611.103448275862,30616,67000,114851,253829,0.45247390960055783,347,13,9,0,8,23,323,18,0.05278592375366569,658599,14293,89,202,4.305299520492554,32.79829730987545,14067,50345,127226,60,17699,47005,100898,42,9526,22168,195049,29,20040,36089,129618,69,12207,35581,110892,44,31878,43644,212132,82,6549,14504,56180,23,2885,4493,52391,10,8,7,5,5,5,0,1,54,0,0,0,3,1,71,10,61,0,1,13,0,0,1,45,0,130,24,75,51,0,6,18,0,0,43
django__django-11749,django/django,1,530,253,269,8,299239,1182.7628458498023,8074,719564,2674.9591078066915,30615,59546,68984,220756,0.31248980775154467,245,16,8,0,7,35,232,6,0.025210084033613446,461521,21421,52,75,4.105939507484436,24.57773861885071,12071,36109,127745,50,7308,42349,63509,29,5873,21871,95072,26,12278,31826,176129,46,7496,25782,80036,30,7512,39280,73723,23,13206,20131,67048,39,3240,3408,36302,10,5,0,6,3,11,0,17,5,4,0,0,1,0,16,9,23,0,2,22,0,0,1,2,0,128,16,29,37,0,7,10,0,0,18
django__django-11790,django/django,0,719,346,364,9,374365,1081.9797687861271,7646,794305,2182.1565934065934,30616,67000,106557,254941,0.4179672943936048,333,17,9,0,8,46,302,26,0.07926829268292683,545625,16087,77,173,5.019185304641724,33.01064128875733,12987,29756,75814,42,17867,75268,79902,70,9500,22850,115442,33,19409,32544,133289,57,16730,37516,128295,54,21142,38382,157796,57,6046,15566,74049,25,2876,3059,29718,8,23,10,15,7,2,0,2,1,6,0,0,9,2,52,9,83,0,4,17,0,0,1,7,0,156,22,38,49,0,7,33,0,0,28
django__django-11815,django/django,1,564,270,286,8,365743,1354.6037037037038,8710,786505,2750.0174825174827,30614,59546,82491,273109,0.3020442387471669,262,16,8,0,7,33,230,22,0.0873015873015873,425514,15091,63,116,5.451005458831787,38.866855001449586,7594,25658,64336,28,10956,70190,95343,42,8550,26926,177263,25,12390,36545,157122,43,13727,37528,102439,59,18227,53217,91877,41,7861,18359,51820,22,3186,4686,46305,10,15,4,3,5,0,0,0,30,0,1,1,3,1,63,10,37,0,0,3,0,0,2,0,1,111,11,20,68,0,12,13,0,0,27
django__django-11820,django/django,0,556,266,282,8,286799,1078.1917293233082,7033,804279,2852.053191489362,30615,59546,71202,205603,0.34630817643711426,258,15,8,0,7,30,240,16,0.0625,466159,19905,99,63,4.416538238525391,28.795495748519894,12964,31033,83677,60,9746,35793,56403,33,8441,20789,176356,24,14320,42348,174512,55,8055,24663,120929,39,7290,21900,71729,21,7276,25440,59561,23,3110,3637,61112,11,8,0,6,6,73,0,0,2,0,0,0,4,0,18,9,35,0,1,0,0,0,0,0,0,109,12,29,39,0,6,35,0,0,28
django__django-11848,django/django,0,412,194,210,8,289374,1491.618556701031,9403,525847,2504.0333333333333,30612,59546,68281,213191,0.3202808748962198,186,14,8,0,7,26,177,4,0.022099447513812154,310444,18681,43,87,5.530810832977295,49.36348624229427,4871,29330,60806,17,6986,32385,52441,24,6954,23117,81709,20,14690,40701,91182,32,15909,35959,100223,45,7026,32255,68856,22,8228,15310,37837,24,3617,4134,32793,10,2,1,1,1,0,0,16,21,0,0,0,0,1,45,9,24,0,0,8,0,0,1,0,0,91,9,11,48,0,2,6,0,0,19
django__django-11880,django/django,1,494,235,251,8,257900,1097.4468085106382,11099,565359,2252.426294820717,30613,59546,66768,182318,0.366217268728266,227,16,8,0,7,29,214,7,0.03167420814479638,313725,12666,35,79,4.822955012321472,30.157893979549407,9404,18145,60059,37,7296,29407,48025,23,7779,22032,84385,25,17919,45425,174084,71,5393,12517,51170,18,8364,17729,59122,25,7569,33855,47846,26,3044,3208,40668,10,4,21,2,3,1,0,0,1,0,0,0,3,0,18,9,32,0,2,1,0,0,0,11,6,104,14,19,34,0,2,24,0,0,30
django__django-11885,django/django,1,696,336,352,8,390850,1163.2440476190477,11241,902126,2562.8579545454545,30617,59546,89323,289291,0.30876522256136557,317,15,8,0,7,38,290,23,0.07348242811501597,589378,23999,53,59,4.3912670612335205,41.89776654243471,12875,90805,108260,54,7517,41369,99006,28,9830,29013,110024,35,17546,28729,176767,54,25437,43948,217982,110,7272,41433,85485,24,6287,10772,59327,22,2559,3222,45275,9,28,1,2,2,3,0,10,2,1,0,0,3,1,16,12,29,0,1,1,0,0,0,0,0,149,10,19,56,0,12,10,0,0,61
django__django-11951,django/django,0,518,247,263,8,289957,1173.9149797570851,7993,606115,2304.619771863118,30613,59546,73093,207595,0.3520942219224933,238,15,8,0,7,30,220,14,0.05982905982905983,388220,14910,154,104,4.785719513893127,34.54487204551697,10081,21379,45186,39,10897,34233,54692,29,7291,18967,92755,24,16167,45059,125361,60,12051,25240,104186,39,6716,43117,63664,24,6430,14648,52603,19,3460,4952,67668,13,11,92,2,6,0,0,0,37,0,0,1,3,2,41,9,52,0,0,0,0,0,1,1,0,103,8,17,37,0,8,28,0,0,37
django__django-11964,django/django,1,478,227,243,8,286346,1261.4361233480176,9930,678327,2791.4691358024693,30613,59546,69107,208750,0.331051497005988,216,15,9,0,7,29,203,10,0.046948356807511735,413619,22948,52,86,4.34640645980835,33.68575465679169,13691,29685,116419,51,7918,41113,65925,31,6317,19501,84952,20,11848,41103,152127,36,8286,28365,72432,28,5915,25147,74968,22,10441,20834,64894,27,4691,3002,46610,12,16,8,3,3,0,1,13,4,0,0,0,2,2,48,11,23,0,0,0,0,0,0,4,0,108,8,22,44,0,7,11,0,0,16
django__django-11999,django/django,1,550,263,279,8,311655,1185.0,9343,669947,2401.2437275985662,30614,59546,74371,227558,0.3268221728086905,251,16,8,0,7,36,235,13,0.05241935483870968,418062,16604,23,76,4.242451548576355,34.47613915205002,10923,32347,76776,43,7931,35541,60353,29,9854,19720,89969,23,13799,30178,169578,58,14163,42144,99442,54,7948,43724,76272,25,6648,19957,52016,21,3105,3947,45541,10,5,2,4,2,3,1,0,3,0,0,0,3,0,36,13,19,0,0,2,0,0,0,6,0,128,9,36,32,0,7,14,0,0,25
django__django-12039,django/django,1,494,235,251,8,320101,1362.131914893617,9022,676529,2695.334661354582,30613,59546,73544,237741,0.30934504355580233,227,15,8,0,7,30,209,5,0.02336448598130841,436659,23165,95,80,4.4807374477386475,35.48355368375778,8736,25116,111444,28,9287,38158,65657,26,5917,22274,77422,20,17876,49820,167650,59,11468,34648,86915,45,8911,42968,58559,24,7762,19836,52151,22,3587,4921,56731,11,7,6,0,2,43,0,0,36,0,0,0,1,0,35,11,27,0,1,4,0,0,2,0,0,101,9,25,56,0,5,7,0,0,24
django__django-12050,django/django,1,528,252,268,8,308547,1224.392857142857,7943,698526,2606.4402985074626,30613,59546,67760,231327,0.2929186822117608,244,16,8,0,7,26,231,10,0.04149377593360996,443600,25567,38,58,4.599188566207886,45.542556285858154,10372,32811,93198,46,8410,49276,53757,31,6750,23960,112835,20,13828,44523,155415,59,9326,36461,97189,37,7530,20539,75442,23,8152,19600,55748,25,3392,4157,54942,11,8,0,6,3,0,0,0,10,0,0,0,9,2,19,8,29,0,2,0,0,0,0,0,0,108,10,47,23,0,2,37,0,0,17
django__django-12125,django/django,1,622,299,315,8,357890,1196.9565217391305,10433,880709,2795.9015873015874,30615,59546,85403,261337,0.32679260877717276,288,19,9,0,7,36,262,19,0.06761565836298933,581594,29038,77,79,5.044532299041748,39.292028748989104,12825,40312,135131,52,12391,79617,87565,42,6996,30135,153504,21,17910,34026,163816,61,13697,41532,126114,50,11332,18072,88897,39,6559,13551,58094,22,3693,4092,67588,12,8,8,17,5,0,1,0,21,0,12,0,5,0,16,10,43,0,0,6,0,0,0,0,4,140,18,36,50,0,4,13,0,0,27
django__django-12143,django/django,1,571,272,290,9,377045,1386.1948529411766,10197,651579,2246.8241379310343,30613,67000,89736,277103,0.3238362630502015,263,16,9,0,8,26,250,7,0.027237354085603113,400353,9889,27,127,5.032033443450928,42.436299204826355,7500,24173,41443,25,12244,50202,69380,42,7711,18223,103664,25,18235,31908,109914,48,9588,60855,73601,34,23343,71348,175317,66,7948,16660,41629,22,3167,3734,36631,10,6,4,6,5,0,0,0,0,0,1,0,5,0,69,10,40,0,1,5,0,0,2,0,0,113,13,28,56,0,4,22,0,0,27
django__django-12155,django/django,1,1504,719,763,22,791750,1101.182197496523,10126,1865175,2444.5281782437746,30612,167832,215745,549032,0.3929552375817803,692,17,17,6,20,29,641,31,0.046130952380952384,1205304,29981,168,230,5.03367817401886,34.183069980144495,9764,39719,57831,36,15778,94446,73549,50,7076,29255,131034,23,14335,32415,123387,50,83426,191937,649200,307,75704,141595,706785,223,6872,16194,61551,21,2790,3471,61838,9,10,115,21,4,0,1,0,8,0,6,1,2,0,68,22,103,0,9,24,0,0,3,1,0,300,29,22,256,0,25,23,0,0,37
django__django-12193,django/django,1,488,232,248,8,307763,1326.5646551724137,8203,650775,2624.092741935484,30615,59546,67907,231147,0.2937827443142243,224,16,8,0,7,44,208,13,0.058823529411764705,343083,22993,27,82,5.130926609039307,34.65683317184448,10044,50949,97251,38,8142,47156,48487,27,8076,20809,157060,20,17161,25482,128947,64,6596,19728,64409,24,7828,34698,60315,28,6919,28131,49052,21,3141,4194,45254,10,6,0,6,4,2,0,0,6,0,0,0,3,0,23,10,29,0,2,3,0,0,1,12,2,109,10,29,27,0,5,24,0,0,20
django__django-12209,django/django,1,858,414,434,10,406916,982.8888888888889,11584,986019,2271.9331797235022,30615,75240,129937,261410,0.4970620863777208,400,16,10,1,9,38,366,19,0.04935064935064935,690881,21131,68,149,11.91662335395813,87.07122292518612,17911,43447,108411,67,8026,34227,58307,30,11005,23446,116891,38,20348,30477,186590,55,36196,58396,214322,119,26766,49851,192245,74,6079,17621,62427,20,3606,3945,46826,11,11,2,4,5,6,0,0,28,9,0,0,2,1,42,10,63,0,1,3,0,0,1,0,29,164,16,55,75,0,14,22,0,0,54
django__django-12262,django/django,1,706,335,359,12,380636,1136.2268656716417,8199,1035962,2885.688022284123,30614,90148,101657,266460,0.38150941980034525,322,15,11,1,11,45,300,17,0.05362776025236593,669158,18967,402,116,4.855443120002747,32.38406265974042,9086,33008,113418,36,7749,37615,75351,28,8313,21870,155531,24,15147,37793,126111,49,14894,54184,170533,55,35548,56392,306650,109,6985,22124,42865,21,3935,3474,45503,13,14,0,17,8,7,0,1,11,0,344,0,0,0,34,12,49,0,0,6,0,0,1,14,0,167,18,18,61,0,11,19,0,0,28
django__django-12273,django/django,0,620,298,314,8,295512,991.6510067114094,8320,740691,2358.888535031847,30616,59546,79581,204721,0.38872905075688374,290,16,8,0,7,21,275,11,0.038461538461538464,490800,14390,40,85,4.511131048202515,29.07630009651184,12703,28353,111040,49,8360,40352,58706,30,9632,23839,135881,30,15173,24081,149750,68,18303,41538,105067,67,5058,23984,70382,19,6992,17479,57999,24,3360,5095,51866,11,6,2,2,8,4,0,1,13,1,0,0,3,0,23,8,40,0,1,1,0,0,0,11,1,107,9,51,46,0,7,20,0,0,50
django__django-12276,django/django,1,442,209,225,8,252102,1206.2296650717703,8027,615634,2736.1511111111113,30613,59546,66892,177384,0.37710278266359987,201,15,8,0,7,30,189,7,0.03571428571428571,345357,14877,30,62,4.722838282585144,28.553082990646352,8536,34388,76145,33,5715,24309,48243,22,8944,25880,90536,24,11642,34137,150482,43,11533,20988,76793,31,11150,19872,60518,24,6113,14436,69681,22,3259,3374,43236,10,6,2,4,8,0,0,0,8,0,0,0,2,0,26,8,22,0,0,1,0,0,0,3,2,106,9,12,38,0,5,11,0,0,20
django__django-12304,django/django,1,862,411,438,13,569326,1385.2214111922142,9795,1335630,3049.3835616438355,30615,97602,130298,423616,0.3075851714760538,398,16,11,1,12,71,371,17,0.04381443298969072,882891,26675,388,138,4.489877820014954,36.36305325031274,8046,43569,82347,40,8259,48815,59906,31,10486,65526,185975,29,13790,41511,178429,50,24737,77848,209726,79,53050,116481,479095,148,9082,25590,79566,25,2848,4276,60586,9,79,14,6,7,28,0,121,82,6,40,0,5,0,36,17,62,0,2,14,0,0,0,5,2,203,20,25,55,0,17,41,0,0,37
django__django-12308,django/django,0,638,307,323,8,361507,1177.5472312703582,11141,866335,2682.151702786378,30615,59546,85858,264138,0.32504978458230166,298,16,8,0,7,32,278,18,0.060810810810810814,581789,25469,76,118,4.506006956100464,34.08724868297577,14289,24659,143101,49,10205,54890,70022,34,8736,21516,146923,31,14569,37005,204765,52,21197,61709,131867,86,7989,43811,77856,24,5762,16557,57907,21,3111,3991,33894,10,9,1,5,4,18,0,12,19,1,1,0,6,0,18,8,60,0,2,0,0,0,2,2,26,140,11,40,44,0,7,18,0,0,38
django__django-12325,django/django,0,488,232,248,8,322548,1390.2931034482758,8227,638761,2575.6491935483873,30614,59546,70488,243360,0.2896449704142012,224,15,8,0,7,38,209,13,0.05855855855855856,392828,13716,40,52,4.623042583465576,40.66400754451752,13171,31436,90387,44,9121,45420,65205,32,10137,25996,132917,29,11405,40240,121632,44,7763,23758,70073,26,8847,46964,63780,26,6991,25562,50023,22,3053,3984,44744,9,20,2,4,3,5,0,2,2,0,0,0,2,0,16,10,25,0,0,0,0,0,0,1,0,107,13,28,28,0,2,19,0,0,27
django__django-12406,django/django,0,550,263,279,8,314709,1196.6121673003802,8712,872201,3126.168458781362,30614,59546,78274,226557,0.3454936285349824,255,15,8,0,7,29,240,13,0.05138339920948617,613048,24885,38,91,4.57409131526947,36.69789601564407,12276,30895,116950,56,12550,37085,82366,30,7611,30116,141608,22,19460,43664,211612,62,7935,23897,91252,35,7210,20119,102016,21,7520,36890,72148,25,3712,3891,54249,12,5,2,2,8,6,0,7,4,1,1,0,2,0,42,8,28,0,2,0,0,0,0,10,1,104,10,42,46,0,8,14,0,0,31
django__django-12419,django/django,1,430,203,219,8,265501,1307.8866995073893,7350,704232,3215.671232876712,30615,59546,64011,193891,0.33013909877199044,195,15,8,0,7,35,184,7,0.03664921465968586,397295,22203,39,46,4.753608703613281,36.686521744728076,8281,33349,77909,31,10194,40577,84437,25,8209,17964,146964,24,13574,38420,179239,40,7830,19259,63406,28,6300,24134,66599,23,7032,16838,53532,23,2591,3350,32146,9,5,0,2,5,21,0,0,4,0,0,0,2,0,16,10,18,0,1,0,0,0,0,1,0,107,10,14,24,0,3,25,0,0,12
django__django-12663,django/django,1,714,345,361,8,383933,1112.8492753623188,10349,784424,2172.9196675900275,30616,59546,96841,274118,0.35328216315601313,333,17,9,0,7,36,312,19,0.05740181268882175,539781,14332,263,116,4.759313106536865,38.893857085704795,12226,22458,81701,53,11296,71741,64826,39,8494,23540,110779,27,15467,44778,174822,57,27356,42558,152636,108,8879,48099,70869,25,9570,16475,53349,23,3553,4469,75442,13,29,1,4,4,2,0,198,13,5,0,0,7,0,38,8,61,0,2,2,0,0,2,1,2,117,13,61,48,0,5,32,0,0,57
django__django-12708,django/django,1,866,421,437,8,497307,1181.2517814726841,9783,900932,2061.629290617849,30615,59546,133750,347600,0.3847813578826237,412,16,8,0,7,62,377,31,0.07598039215686274,667948,19553,290,113,4.694682002067566,32.09041720628737,24813,96266,106347,95,30826,96420,160967,85,7332,36957,123172,24,24861,38676,149577,84,25072,34055,148907,77,10670,21161,69863,22,6517,18704,87844,22,3659,5361,54255,12,16,2,4,2,3,0,7,251,3,0,0,2,0,34,9,49,0,3,14,0,0,2,2,0,142,13,74,36,0,9,85,0,0,53
django__django-12713,django/django,1,474,225,241,8,281784,1252.3733333333332,14786,606147,2515.1327800829877,30613,59546,60851,212500,0.28635764705882355,217,16,8,0,7,30,205,9,0.04205607476635514,361609,23543,33,55,4.730157494544983,34.87380834817886,7851,26474,48132,34,7758,46827,59147,31,5685,19222,99012,21,12282,45214,154549,50,10575,24072,68046,36,6160,17764,76536,19,7133,29402,57642,24,3407,3525,43083,10,8,13,3,5,0,0,0,0,0,1,0,2,1,23,8,21,0,0,2,0,0,1,0,0,92,10,18,51,0,6,17,0,0,23
django__django-12741,django/django,1,1285,608,654,23,674400,1109.2105263157894,9651,1647733,2519.4694189602446,30615,176858,198487,453245,0.4379243014263809,582,17,17,7,21,33,549,10,0.017889087656529516,996836,26430,258,245,4.213160276412964,31.129092931747405,10786,27892,78326,38,7042,38279,53664,27,9538,17141,80945,24,15999,32129,119483,54,78495,170823,662312,251,62818,131532,558501,174,11069,30606,55236,30,2740,4843,39266,10,53,0,7,4,0,0,188,3,0,0,0,3,0,68,28,116,0,0,32,0,0,1,0,0,265,30,50,135,0,35,12,0,0,55
django__django-12754,django/django,1,588,282,298,8,327595,1161.6843971631206,7862,832455,2793.473154362416,30614,59546,78675,238317,0.3301275192285905,274,17,8,0,7,27,257,15,0.05514705882352941,574220,16510,44,68,4.287476062774658,29.176767349243164,10911,43816,115389,52,9384,46073,83148,34,12109,27001,132454,32,15289,32074,187224,62,12455,41706,111791,46,8716,23432,82288,23,6532,19734,57710,22,3279,4481,62451,11,10,5,3,5,3,0,1,10,0,0,0,6,1,19,8,32,0,1,1,0,0,0,7,0,116,27,30,39,0,7,17,0,0,38
django__django-12774,django/django,1,678,324,344,10,434755,1341.8364197530864,9414,786588,2286.593023255814,30615,75240,87592,334992,0.26147490089315567,314,15,9,1,9,43,290,19,0.061488673139158574,482840,18094,533,132,3.6455187797546387,28.81353721618652,8743,19151,55566,41,11238,89477,60903,47,6538,21354,86378,22,17864,50519,150091,72,16206,71467,199833,66,18015,63631,141125,45,6356,16037,59813,22,2632,3356,32879,9,18,9,4,4,12,0,6,473,1,0,0,6,0,23,10,66,0,1,2,0,0,1,29,0,143,13,29,51,0,5,32,0,0,41
django__django-12858,django/django,1,1785,846,908,31,1006565,1189.7931442080378,8600,2602108,2865.7577092511015,30616,238848,270746,704211,0.3844671554406279,813,16,21,11,30,55,734,31,0.040522875816993466,1687822,23905,293,368,4.874125003814697,35.217041635513304,13914,35843,99081,54,7669,41658,92659,30,7276,23088,118067,28,19939,40240,168263,80,105694,269369,981990,327,102978,269797,1039138,291,9731,20907,54585,25,3545,3309,48325,11,40,84,12,6,107,0,2,8,4,0,1,26,3,94,34,168,0,0,62,0,0,3,7,0,362,43,55,212,0,27,33,0,0,81
django__django-12965,django/django,1,554,265,281,8,267464,1009.2981132075472,6794,718802,2558.014234875445,30613,59546,74353,183062,0.40616293933202957,257,15,8,0,7,22,234,12,0.04878048780487805,482325,27374,28,80,5.022402286529541,29.391775918006893,11592,29290,138160,44,8357,39834,66914,34,7395,22083,122228,28,12181,27779,125380,43,15407,25301,86241,58,7394,17050,62262,25,8787,16388,73438,23,3240,5337,44179,10,8,4,2,3,3,0,7,0,0,0,0,1,0,23,11,42,0,1,3,0,0,0,0,0,104,16,35,45,0,8,23,0,0,26
django__django-13012,django/django,1,600,288,304,8,339179,1177.704861111111,8944,683236,2247.4868421052633,30616,59546,74663,253687,0.294311494085231,280,15,8,0,7,39,258,17,0.06181818181818182,446493,13500,40,79,4.357489585876465,39.810688114166254,9342,41243,97026,47,12081,61391,72598,45,7670,20882,126311,28,13579,47818,123337,60,14607,32662,97743,50,7104,30896,65089,25,7390,15163,59687,23,2890,3632,41445,10,9,0,6,4,9,0,2,5,0,0,0,5,0,17,9,47,0,1,0,0,0,0,4,1,115,22,44,31,0,7,25,0,0,36
django__django-13023,django/django,1,480,228,244,8,293580,1287.6315789473683,11206,597063,2446.9795081967213,30615,59546,71421,213611,0.33435075909012174,220,16,8,0,7,24,205,9,0.04205607476635514,354186,10744,925,88,5.143799543380737,40.41820101737976,10129,18961,86935,46,9948,32597,50940,29,10393,37194,108759,28,13289,70517,130818,43,8626,21778,83295,30,9311,16871,53400,22,6252,12462,54486,20,3473,3231,28430,10,5,0,4,8,0,0,544,359,0,0,0,4,1,35,8,31,0,0,11,0,0,1,2,0,101,13,24,45,0,4,10,0,0,23
django__django-13028,django/django,1,556,266,282,8,329630,1239.2105263157894,7127,745019,2641.9113475177305,30616,59546,90811,228826,0.3968561264891227,257,17,8,0,7,41,238,9,0.03643724696356275,437287,27181,51,113,5.141842365264893,35.75320329666137,10169,32412,84464,33,11912,36610,81421,42,12644,44163,145526,37,26439,44344,173034,59,8684,24703,75468,33,8193,14419,73598,26,8779,27248,50359,23,3991,4927,61149,13,12,0,6,11,4,0,1,12,0,0,0,5,0,77,14,13,0,0,7,0,0,2,0,0,120,19,35,31,0,7,25,0,0,20
django__django-13033,django/django,0,600,288,304,8,319871,1110.6631944444443,7940,716371,2356.4835526315787,30616,59546,76383,232735,0.3281973059488259,277,17,8,0,7,34,267,7,0.025547445255474453,436836,16891,37,76,4.527923822402954,41.250700211524965,15074,31645,102860,62,6985,38396,59234,25,6973,23405,89820,23,16290,37472,161875,66,13646,27276,117309,58,5676,38145,70818,21,8539,32708,63836,23,3200,3688,50619,10,10,2,4,2,3,0,1,6,2,0,0,7,0,19,9,36,0,0,2,0,0,0,10,0,117,24,44,41,0,7,26,0,0,18
django__django-13089,django/django,0,1775,841,903,31,985719,1172.0796670630202,10514,2591286,2869.641196013289,30614,238848,272133,682238,0.39888279456729175,805,17,21,10,30,58,748,26,0.03359173126614987,1572406,22901,1630,316,4.209262371063232,34.24640867710111,13593,60614,50367,49,13220,56956,57911,40,7143,20428,120768,23,16495,38083,195934,56,92623,221040,901988,309,112229,259883,1131620,323,13357,20738,59685,30,3473,4496,73013,11,51,106,3,3,2,0,1459,2,0,0,0,3,1,88,35,126,0,6,44,1,0,1,14,1,349,42,62,171,0,45,43,0,0,93
django__django-13109,django/django,1,622,299,315,8,301900,1009.6989966555184,10028,694926,2206.114285714286,30614,59546,81882,208809,0.3921382699021594,290,17,8,0,7,33,274,14,0.04861111111111111,441535,18453,86,75,4.291805863380432,29.16302301883696,10124,27265,103656,49,7563,42826,58563,28,7693,19909,117450,25,19556,36138,174495,77,18952,37781,84242,65,7516,16819,62512,24,7381,24326,47225,21,3097,3745,46783,10,28,20,4,5,10,0,5,7,3,0,0,3,1,18,8,46,0,0,0,0,0,0,3,0,112,41,60,27,0,7,26,0,0,17
django__django-13112,django/django,1,556,266,282,8,305756,1149.4586466165413,10293,813378,2884.31914893617,30615,59546,77192,218568,0.3531715530178251,257,17,8,0,7,27,238,16,0.06299212598425197,525697,25966,136,78,5.0827720165252686,35.76993026733397,14556,44571,149015,57,9872,47696,62988,35,8803,20494,124740,26,14631,43647,192894,55,12074,25277,119833,40,7687,19459,66305,23,6323,12564,55108,20,3246,4860,42495,10,12,3,5,8,3,0,5,91,2,0,0,5,2,21,8,38,0,0,9,0,0,1,0,1,112,11,36,46,0,4,13,0,0,35
django__django-13121,django/django,1,652,314,330,8,353984,1127.3375796178343,7150,745418,2258.8424242424244,30616,59546,89317,252852,0.35323825795326913,306,16,8,0,7,46,287,11,0.03691275167785235,429068,12401,211,101,3.755722999572754,26.888528871536245,15935,59514,87225,70,8588,47013,68000,41,10071,20359,184459,31,25979,31763,147764,72,9936,21857,104308,43,7455,40117,66191,26,8088,28302,47382,21,3265,3927,40089,10,27,0,4,2,2,0,151,19,0,0,0,6,0,23,8,60,0,3,0,0,0,4,3,0,109,10,67,39,0,9,25,0,0,47
django__django-13128,django/django,1,1037,500,525,12,561564,1123.128,9983,1190814,2268.217142857143,30614,90148,143300,398204,0.35986579743046276,489,16,10,1,11,47,440,23,0.04967602591792657,840884,22887,151,180,4.794536590576172,37.77683124542235,12523,22935,71458,52,18733,119670,94144,66,7758,23274,106047,25,13094,40225,150885,46,27046,72487,247681,105,54458,96402,406364,171,5907,19193,55412,22,3781,4018,58823,13,38,0,5,9,21,0,68,3,0,2,0,4,1,25,12,106,0,1,4,0,0,0,0,32,190,33,90,53,0,15,35,0,0,73
django__django-13158,django/django,1,530,253,269,8,305813,1208.7470355731225,10859,754037,2803.111524163569,30617,59546,71288,225027,0.31679753985077347,245,17,8,0,7,34,225,8,0.034334763948497854,488428,18164,20,74,4.820486426353455,39.10186614990232,14635,51895,99705,57,7074,39830,81052,23,9882,20030,136724,36,12834,36429,167522,51,7181,24850,85238,28,8560,20031,74236,25,7800,27987,62361,23,3322,3975,47199,10,6,0,2,4,0,0,0,3,1,0,0,4,0,27,8,38,0,0,1,0,0,0,0,0,130,11,31,29,0,3,18,0,0,23
django__django-13195,django/django,0,468,222,238,8,300955,1355.6531531531532,7875,731415,3073.172268907563,30613,59546,64587,228047,0.28321793314536037,214,15,8,0,7,30,199,12,0.05687203791469194,402082,24863,84,71,5.312647819519043,48.092403411865234,8917,33003,68927,34,7746,37514,58762,25,8989,25109,141919,21,11791,40512,159257,48,10307,25608,103397,36,5827,45193,75884,22,7271,17296,64303,23,3739,3812,58966,13,4,0,2,2,25,0,10,38,0,0,0,2,1,33,9,21,0,0,4,0,0,1,3,0,106,12,13,40,0,2,20,0,0,21
django__django-13212,django/django,0,492,234,250,8,351603,1502.576923076923,9585,778588,3114.352,30615,59546,70922,271906,0.26083278780166674,226,13,8,0,7,39,205,14,0.0639269406392694,431450,24286,135,93,4.994527578353882,47.954062080383274,6972,63136,79120,26,9062,60097,82899,30,8763,24631,198232,23,14692,30877,136791,49,16505,49155,113748,61,6140,26411,66995,19,5944,14440,50327,17,2844,3159,50476,9,14,0,29,2,38,0,5,41,3,0,0,3,0,25,9,24,0,0,1,0,0,3,31,0,101,9,19,48,0,9,20,0,0,20
django__django-13279,django/django,1,568,272,288,8,363541,1336.547794117647,10175,879142,3052.5763888888887,30615,59546,89124,263022,0.33884618016743845,264,13,8,0,7,32,247,12,0.04633204633204633,557137,13565,92,102,5.0510759353637695,47.63401448726654,15509,40624,86730,43,13485,58812,78886,30,11527,23751,217288,37,16262,43793,168314,55,13232,41761,131318,50,7084,21627,92976,23,9245,28654,67518,25,2780,4000,36112,9,10,7,1,4,16,0,1,33,15,0,0,2,3,47,9,28,0,0,1,0,0,0,11,6,122,15,32,40,0,8,26,0,0,21
django__django-13297,django/django,1,504,240,256,8,342667,1427.7791666666667,8221,799386,3122.6015625,30616,59546,76332,257331,0.29662963265210956,232,16,8,0,7,26,212,14,0.061946902654867256,510152,22993,72,106,5.005591154098511,36.623531007766715,9844,34749,86665,42,12720,82334,108276,44,11204,33912,183085,27,16812,41828,152529,41,6906,27277,90969,27,8771,17607,63956,23,6720,15094,59013,24,3355,4530,54893,12,13,1,4,2,19,0,18,6,0,0,0,9,0,61,9,29,0,5,2,0,0,0,0,0,104,9,18,58,0,5,27,0,0,11
django__django-13315,django/django,1,610,293,309,8,346187,1181.5255972696245,8899,630176,2039.4045307443366,30616,59546,79478,255691,0.31083612641821573,285,14,8,0,7,33,246,28,0.10218978102189781,402175,13957,22,74,4.395691394805908,33.379796290397636,14425,54789,89983,59,9046,56498,53739,34,7041,20452,86700,23,24830,47732,148508,91,7627,27707,80673,32,5980,29244,68398,21,7328,15052,59606,23,3201,4217,42569,10,10,0,0,3,1,0,4,2,2,0,0,0,0,18,8,45,0,1,2,0,0,0,0,0,104,9,43,25,0,2,63,0,0,39
django__django-13343,django/django,1,518,247,263,8,346686,1403.587044534413,8445,726889,2763.8365019011408,30615,59546,71106,266385,0.26692944422546316,237,16,8,0,7,36,221,13,0.05555555555555555,467188,15367,148,62,5.143372535705566,45.3162077665329,11433,24925,63944,44,6032,37452,55882,26,7381,35936,121829,20,11576,42518,167652,45,16656,46120,132701,55,7896,42759,75410,24,7316,33085,62632,23,2816,3590,46839,10,43,21,4,2,1,0,67,6,0,0,0,3,1,19,8,23,0,0,0,0,0,0,0,12,103,10,19,39,0,6,19,0,0,41
django__django-13344,django/django,0,1819,866,924,29,1146150,1323.498845265589,12511,2827427,3059.9859307359307,30615,224970,271345,842569,0.32204484143138423,825,17,21,9,28,86,757,38,0.04779874213836478,1872355,22334,224,334,4.667981863021851,43.2168909072876,21620,163976,160328,77,9088,68531,87702,34,13001,35532,222968,39,21907,62853,245626,85,97454,239228,924697,301,97878,242277,1056652,297,7401,25192,66086,23,2996,4980,63368,10,43,96,0,4,11,0,10,22,3,0,0,35,0,75,32,157,0,3,62,0,0,5,0,0,439,55,24,167,0,36,50,0,0,54
django__django-13346,django/django,1,934,449,473,12,469431,1045.5033407572382,8766,1065859,2253.4016913319238,23438,90934,128746,323797,0.39761331945632605,436,17,10,2,11,19,397,26,0.061465721040189124,771466,18281,136,157,4.876436471939087,30.22476263046264,9060,27463,76409,34,9749,31915,87289,43,10538,21432,106924,28,16111,33671,150614,58,52799,132678,355096,191,20889,57334,188316,63,6765,15846,54977,22,2835,3458,46234,10,35,18,4,8,5,1,35,23,0,4,0,3,0,52,12,61,0,0,10,0,0,1,0,21,143,25,41,110,0,21,30,0,0,66
django__django-13363,django/django,1,663,318,336,9,381645,1200.1415094339623,16419,917503,2730.6636904761904,30613,67000,95306,274384,0.34734532625809084,308,16,9,0,8,31,288,14,0.046357615894039736,569332,25625,93,105,4.759092330932617,35.72898535728454,10932,34458,98226,50,9399,84597,79954,36,6685,24015,119895,21,18829,40018,254339,63,18159,22339,118258,53,19841,47861,135648,65,8385,16523,63095,20,3076,4573,48088,10,14,0,3,7,14,1,0,50,0,0,0,4,0,32,9,60,0,0,3,0,0,0,0,1,121,34,50,44,0,8,29,0,0,22
django__django-13401,django/django,1,502,239,255,8,319254,1335.7907949790795,7426,691349,2711.1725490196077,30615,59546,79420,230868,0.34400609872307986,231,16,8,0,7,40,211,11,0.04954954954954955,427142,25561,44,133,4.777758479118347,37.936235356330855,10507,33843,56260,34,8672,30712,47459,26,9393,16933,140086,31,23589,39325,185533,49,9385,55516,99006,46,6978,36130,61140,21,7342,15457,52471,20,3554,2952,49394,12,6,2,3,1,6,0,12,4,4,0,0,4,2,80,10,23,0,1,2,0,0,1,16,0,112,15,22,35,0,6,16,0,0,25
django__django-13406,django/django,0,616,296,312,8,398297,1345.597972972973,7954,904346,2898.5448717948716,30616,59546,88857,298309,0.29786898819680263,288,17,8,0,7,34,269,13,0.04609929078014184,499938,13602,198,87,5.43543267250061,42.320879149436955,14640,45927,115775,57,10604,64065,77522,42,20377,31731,182876,47,14914,40409,237164,56,10001,48992,105860,40,8696,27475,81310,23,7093,33523,63243,22,2532,6187,40596,9,36,12,4,2,105,0,19,8,2,0,0,9,1,43,10,33,0,0,1,0,0,0,0,0,110,15,40,53,0,5,21,0,0,44
django__django-13410,django/django,1,444,210,226,8,252321,1201.5285714285715,7271,497849,2202.8716814159293,24060,59546,71331,173123,0.41202497646182196,201,16,8,0,7,29,189,9,0.045454545454545456,310707,13995,94,111,5.422532796859741,38.597515869140615,4622,15795,27630,17,7079,28686,55933,30,6095,18161,71275,20,24928,39949,116416,56,7022,29257,66224,26,8684,19753,57896,24,8220,16148,47857,22,4681,5374,54618,15,39,30,9,3,6,0,0,0,0,0,0,2,5,79,11,20,0,0,1,0,0,0,0,0,101,15,22,37,0,4,13,0,0,9
django__django-13417,django/django,1,604,290,306,8,314502,1084.489655172414,6191,698028,2281.1372549019607,30616,59546,78326,225272,0.3476952306544977,281,16,8,0,7,45,261,18,0.06451612903225806,449783,28975,70,91,5.376245975494385,31.384679794311477,13345,33639,72953,58,10228,50780,66201,36,8034,16658,144436,23,20985,42491,181986,85,7849,21190,75898,28,8056,29723,61570,27,6972,27219,50534,23,2857,3572,44450,10,14,0,7,7,5,0,15,14,0,0,0,8,0,16,9,48,0,3,7,0,0,0,8,0,133,14,44,23,0,4,31,0,0,32
django__django-13449,django/django,1,528,252,268,8,351544,1395.015873015873,9750,692800,2585.0746268656717,30616,59546,79847,262237,0.30448411170048467,244,15,8,0,7,44,222,14,0.059322033898305086,397831,15373,89,112,4.521723508834839,34.26670515537262,9498,30243,71755,41,16006,62721,98255,41,12379,22853,121513,33,17157,48658,142121,58,6574,18037,76166,26,8454,45739,68283,23,6652,30189,67184,21,3127,3797,47523,9,25,10,4,5,0,0,1,39,0,0,0,4,1,61,8,36,0,0,5,0,0,0,1,1,126,10,30,30,0,2,30,0,0,16
django__django-13512,django/django,1,462,219,235,8,294478,1344.648401826484,7062,732734,3118.0170212765956,30615,59546,67770,218503,0.31015592463261377,211,14,8,0,7,18,195,13,0.0625,373312,18979,42,93,5.14998459815979,39.659456849098184,9092,26702,88953,33,9392,78470,83789,35,6952,24290,92783,24,18110,31152,216722,46,7448,19557,85000,30,6421,18462,63361,18,7456,16081,63349,23,2899,3789,38777,10,3,0,0,6,0,0,13,14,0,6,0,0,0,58,8,22,0,0,5,0,0,0,0,0,86,11,22,48,0,6,22,0,0,16
django__django-13516,django/django,1,532,254,270,8,297046,1169.4724409448818,7265,789064,2922.4592592592594,30615,59546,76313,211235,0.36127062276611355,245,14,8,0,7,31,225,11,0.046610169491525424,505711,22580,86,60,4.8845648765563965,32.66947364807126,9476,32347,108246,35,9001,33886,85847,30,9024,32987,158675,27,14458,26674,153820,54,14535,19804,111647,51,9093,24531,73928,25,8088,37208,53051,23,2638,3798,43850,9,3,4,4,2,49,0,13,8,1,0,0,2,0,20,10,24,0,2,2,0,0,0,2,0,107,10,40,41,0,8,23,0,0,16
django__django-13551,django/django,0,448,212,228,8,346268,1633.3396226415093,11451,569767,2498.9780701754385,30613,59546,66509,271818,0.24468210346628994,204,16,8,0,7,43,190,10,0.05,325213,13105,34,73,4.216004133224487,42.031680941581726,9786,38763,47804,34,6606,36840,51216,27,8259,66535,93582,22,12136,56858,131426,36,12599,28836,76715,38,7390,26935,62589,23,6291,13068,58494,21,3442,3983,47941,11,7,5,4,3,0,0,0,8,0,0,0,6,1,25,11,23,0,8,1,0,0,1,4,0,113,10,15,33,0,7,10,0,0,16
django__django-13568,django/django,1,514,245,261,8,341608,1394.3183673469389,6894,623834,2390.1685823754788,30616,59546,76891,255523,0.30091616018910233,237,16,8,0,7,40,218,15,0.06437768240343347,402238,10013,61,69,4.61625862121582,33.70506688356399,10040,49397,76393,44,7963,55157,76235,30,8130,21503,106683,30,19428,32487,95716,51,12362,29967,98850,37,7365,41259,67713,23,6884,19648,61716,19,4719,6105,40528,11,7,6,2,3,4,0,4,33,0,0,0,2,0,44,9,8,0,1,2,0,0,1,4,0,110,14,24,51,0,5,15,0,0,18
django__django-13569,django/django,1,606,291,307,8,358071,1230.4845360824743,7722,720635,2347.345276872964,30616,59546,77513,269614,0.2874961982686359,283,16,8,0,7,47,260,20,0.07142857142857142,459678,12566,40,103,4.214898705482483,37.80815758705139,13730,48005,122053,51,9727,76908,71229,41,7609,21627,120540,25,16601,33662,150698,71,13135,27933,87864,45,6054,25753,60113,24,6405,32277,53751,21,4252,3449,54387,13,17,0,2,5,1,0,5,7,0,0,0,2,1,19,9,49,0,10,2,0,0,0,14,0,123,22,49,27,0,5,24,0,0,33
django__django-13590,django/django,1,701,337,355,9,347781,1031.9910979228487,9429,714659,2013.123943661972,30612,67000,96730,238375,0.40578919769271105,328,16,9,0,8,41,307,14,0.04361370716510903,463569,26190,207,115,4.784127116203308,28.158656001091003,10309,26653,41263,43,10724,55519,57966,38,9279,20954,98554,27,25239,43181,169434,95,14248,24661,75941,55,16458,32091,171898,47,7430,31579,50768,22,3043,3737,48835,10,23,0,4,4,4,0,158,3,0,4,0,7,0,25,9,51,0,3,4,0,0,0,7,16,131,11,35,51,0,12,44,0,0,44
django__django-13658,django/django,1,550,263,279,8,344733,1310.7718631178707,8707,659965,2365.4659498207884,30611,59546,81819,253035,0.3233505246309799,255,15,8,0,7,37,246,4,0.016,438416,28975,132,101,4.824695706367493,38.12483888864517,10645,49260,77347,39,16133,70272,59069,37,7036,19019,121485,23,17227,39659,176717,59,13335,20099,71549,45,6680,37806,52381,23,6748,13451,55519,25,4015,3469,45898,12,19,31,14,9,10,0,43,1,2,1,0,2,0,52,8,37,0,1,1,0,0,0,1,1,110,9,21,38,0,8,41,0,0,28
django__django-13670,django/django,1,408,192,208,8,220419,1148.015625,7109,525025,2524.158653846154,30613,59546,59425,153812,0.3863482693157881,184,16,8,0,7,25,169,10,0.055865921787709494,285082,20966,22,78,4.447390079498291,37.47828185558319,6900,24524,44450,22,11924,19610,41694,29,5547,23380,75073,20,11299,30525,170450,42,6969,20215,57048,25,6346,16466,50337,23,6927,15655,45650,20,3513,3437,40323,11,9,3,0,2,1,1,4,2,0,0,0,0,0,42,9,24,0,2,0,0,0,0,1,0,98,12,9,43,0,5,7,0,0,10
django__django-13741,django/django,1,530,253,269,8,346857,1370.9762845849802,11719,728718,2708.9888475836433,30613,59546,73836,263523,0.2801880670757391,245,17,8,0,7,28,228,14,0.05785123966942149,448014,25636,32,103,4.275850534439087,39.85583559274673,13237,58419,99215,53,10203,50566,70702,33,8744,23758,108133,21,15144,54627,187802,64,7152,27428,65141,26,6515,24746,66212,20,8085,19165,72154,24,4756,4814,59359,12,16,0,2,6,0,0,0,1,0,0,0,7,0,45,8,35,0,1,3,0,0,0,11,0,103,15,29,43,0,6,25,0,0,24
django__django-13786,django/django,1,552,264,280,8,396802,1503.0378787878788,10566,782786,2795.6642857142856,30613,59546,90671,296233,0.306080011342423,255,16,9,0,7,33,235,19,0.07480314960629922,497029,18895,27,136,4.6951963901519775,37.26350183486932,8138,39483,94779,31,16726,93342,57907,50,6267,29776,90553,21,30388,50236,220317,68,9193,41221,130142,35,10260,22858,82413,24,6232,15506,42893,21,3467,3811,63782,14,7,4,2,3,1,0,3,3,0,1,0,2,1,86,9,19,0,0,1,0,0,1,20,0,103,11,33,61,0,5,5,0,0,37
django__django-13794,django/django,1,631,302,320,9,394081,1304.9039735099338,8046,784972,2453.0375,30615,67000,90221,292514,0.3084331006379182,293,16,9,0,8,33,269,20,0.06920415224913495,457369,14032,327,113,4.995790243148804,38.91907501220703,10783,30273,72499,44,9267,34859,69320,36,12223,22403,145822,25,14207,69494,164970,61,12394,32916,83349,36,21463,83600,160656,66,7118,14677,46084,24,2766,4292,42272,10,14,8,5,4,5,0,241,36,4,8,0,2,0,39,9,61,0,2,1,0,0,0,0,1,121,11,32,61,0,6,38,0,0,24
django__django-13807,django/django,0,520,248,264,8,331332,1336.016129032258,9054,663576,2513.5454545454545,30615,59546,79361,242660,0.3270460726943048,240,15,8,0,7,33,216,16,0.06896551724137931,396316,18659,32,99,4.039371967315674,28.934539127349844,7875,29435,70731,32,13277,60450,74111,49,10814,26681,103083,34,14152,38808,147367,47,12810,33413,86057,30,9566,24196,71411,23,8298,25767,63274,24,2569,3910,47542,9,20,0,2,7,0,0,0,0,0,1,0,2,0,54,15,26,0,0,1,0,0,1,1,1,98,11,28,55,0,8,17,0,0,23
django__django-13809,django/django,1,456,216,232,8,277687,1285.587962962963,10688,679760,2930.0,23275,59546,63329,206266,0.3070258792045223,208,14,8,0,7,30,192,8,0.04,486091,22672,28,48,4.382575988769531,34.325424623489376,9767,46726,120527,32,7225,38765,81479,27,10020,18326,114154,25,14458,37638,132975,53,7397,21822,77681,31,5634,22768,59589,19,5721,16157,43641,19,3107,4064,49714,10,8,3,1,2,0,0,6,2,6,0,0,0,0,22,8,14,0,0,0,0,0,1,3,0,95,14,29,44,0,6,7,0,0,13
django__django-13810,django/django,1,1117,533,567,17,672045,1260.8724202626643,11867,1667842,2941.520282186949,30613,128990,179798,472568,0.3804701122378155,507,15,14,4,16,66,476,16,0.032520325203252036,1148900,23027,234,220,4.846385478973389,40.595682799816124,17235,56458,106751,56,10234,63689,103458,44,7286,21933,136115,24,17341,30472,135146,48,46027,102161,377590,130,62973,171700,653585,175,13155,21755,89945,43,5547,4400,65252,13,32,16,1,6,8,0,89,55,0,0,0,27,0,90,19,76,0,3,30,0,0,1,1,0,281,22,28,99,0,26,27,0,0,24
django__django-13820,django/django,1,601,287,305,9,414370,1443.7979094076654,12744,760963,2494.960655737705,30615,67000,93358,310236,0.30092574685078455,278,15,9,0,8,46,259,13,0.04779411764705882,505324,13673,63,108,4.4118369817733765,36.789928555488586,9968,34933,65809,35,17101,71223,72959,40,8638,24991,103892,28,18193,41059,153152,62,9467,36741,98628,35,18098,65679,169760,54,7971,31625,47349,22,3922,3985,49414,11,9,25,13,8,1,0,0,3,0,0,0,2,2,41,10,33,0,0,12,0,0,0,12,0,151,17,18,36,0,10,18,0,0,28
django__django-13821,django/django,1,498,237,253,8,268911,1134.6455696202531,7634,645371,2550.8735177865615,30613,59546,76978,183043,0.4205459919253946,229,17,8,0,7,24,214,10,0.044642857142857144,395985,26095,26,99,4.626371741294861,33.5278405547142,11701,35625,74079,39,11360,32458,93927,27,6938,18321,84129,21,14912,34388,123351,52,9030,24526,86691,35,8254,17371,75229,24,12254,17267,64389,30,2529,3087,43576,9,8,3,1,3,0,0,5,5,0,0,0,1,0,32,9,34,0,0,21,0,0,2,0,1,106,10,25,57,0,5,10,0,0,16
django__django-13837,django/django,1,434,205,221,8,355885,1736.0243902439024,10059,859294,3888.20814479638,30614,59546,62663,285548,0.21944821886337848,197,16,8,0,7,41,175,14,0.07407407407407407,500574,24108,107,50,6.470182538032532,51.57293342351913,9272,41752,112466,32,10373,80734,109623,31,8420,31149,142314,23,8451,27296,168420,31,8464,60554,119839,32,7546,19498,80869,22,6962,19496,86168,24,3175,5069,39595,10,10,0,2,3,4,0,0,3,0,5,0,75,5,18,9,16,0,1,0,0,0,0,0,6,106,9,6,49,0,7,4,0,0,16
django__django-13925,django/django,1,566,271,287,8,331427,1222.9778597785978,8910,778736,2713.3658536585367,30615,59546,75366,245878,0.30651786658424096,263,16,8,0,7,34,231,25,0.09765625,522624,23123,42,69,4.626140475273132,30.750363874435415,11760,54833,86536,46,11065,57840,75225,40,14287,25588,128849,41,15852,37062,226383,62,6214,22819,73122,27,5749,25064,63883,22,6363,17792,72577,22,4076,4880,52161,11,14,0,4,11,2,1,1,2,0,0,0,6,1,18,9,33,0,1,4,0,0,1,3,0,111,16,38,44,0,2,20,0,0,32
django__django-13933,django/django,1,470,223,239,8,302208,1355.1928251121076,10970,677942,2836.5774058577404,30614,59546,62914,230936,0.2724304569231302,215,16,8,0,7,32,204,6,0.02857142857142857,458706,27608,70,64,4.836138963699341,39.62410018444061,11325,33661,80545,41,7034,52895,49522,26,7528,16691,91026,24,10833,43224,201731,44,8552,23100,100321,33,7625,40150,64832,23,5880,17059,50756,22,4137,4156,39209,10,5,0,4,4,0,0,28,24,0,0,0,5,0,23,10,30,0,0,0,0,0,0,1,0,113,12,22,26,0,2,17,0,0,23
django__django-13964,django/django,1,592,284,300,8,397768,1400.5915492957747,11234,687863,2292.8766666666666,30616,59546,85412,301681,0.28312024953510495,276,14,8,0,7,46,260,10,0.037037037037037035,449282,15107,36,120,4.44993782043457,36.58028943538664,10894,31320,74706,50,11063,87008,56800,43,11325,34616,148534,38,25556,43913,131162,58,10323,51626,102959,42,7155,30553,77330,23,6391,17779,49083,20,2705,4866,47289,10,4,3,6,3,2,0,1,12,1,0,0,3,1,69,15,21,0,0,8,0,0,1,6,0,133,14,37,36,0,3,34,0,0,19
django__django-14007,django/django,1,865,416,438,11,512178,1231.1971153846155,12561,1134022,2589.0913242009133,30615,82694,125936,370810,0.339624066233381,399,18,11,1,9,48,373,15,0.03865979381443299,774604,18623,43,133,4.233741044998169,40.586857795715325,11042,44450,88648,44,9787,52287,63320,32,13618,45770,166507,46,19558,43535,126005,59,26887,82401,258861,103,32232,82226,320700,97,9390,16267,49227,23,3422,3874,60754,12,2,7,3,1,7,0,7,14,0,1,0,1,0,32,11,80,0,0,5,0,0,1,4,0,188,19,50,53,0,19,17,0,0,53
django__django-14011,django/django,0,670,323,339,8,426069,1319.0990712074304,7778,752577,2219.991150442478,30615,59546,99997,313951,0.31851148746141916,314,14,8,0,7,52,266,43,0.13915857605177995,489161,15412,58,96,4.968385457992554,38.718157577514646,14044,26877,87274,66,10743,29559,57090,34,31257,155226,178889,87,14122,43297,140940,46,9319,19626,109302,35,11137,19245,69856,25,6480,15999,63397,21,2895,4122,45829,9,12,13,6,7,10,0,2,3,1,0,0,4,0,40,8,41,0,2,5,0,0,0,0,0,134,9,51,33,0,6,27,0,0,54
django__django-14017,django/django,1,1155,552,586,17,586563,1062.6141304347825,10754,1418250,2420.221843003413,30614,129776,173024,392858,0.4404237663481462,534,17,13,4,15,28,494,27,0.05182341650671785,929520,21868,1020,300,4.53780722618103,30.63231885433197,10250,33080,73641,46,11301,42850,55583,29,9448,18323,93516,27,14785,33474,156230,62,62937,146633,489384,224,51217,95745,447749,130,10447,19745,69768,25,2639,3008,32379,9,27,0,2,4,29,0,945,8,0,0,0,3,2,98,21,117,0,0,17,0,0,2,45,0,193,34,42,136,0,23,57,0,0,49
django__django-14034,django/django,0,530,253,269,8,323974,1280.5296442687747,8443,712473,2648.5985130111526,30613,59546,73168,241344,0.3031689207106868,244,17,8,0,7,40,226,14,0.058333333333333334,454247,15753,33,71,5.279164791107178,37.9939240694046,7731,25436,45026,31,9919,41183,65178,28,8815,27599,98824,26,15440,51399,217087,60,16265,51447,134636,56,5737,17368,65288,20,5618,23628,47988,20,3643,3284,38446,12,8,3,1,20,1,0,0,0,0,0,0,0,0,17,8,40,0,1,5,0,0,0,0,0,119,16,19,26,0,6,33,0,0,25
django__django-14053,django/django,1,504,240,256,8,316923,1320.5125,12952,693201,2707.81640625,30615,59546,70137,237783,0.294962213446714,232,15,8,0,7,22,219,9,0.039473684210526314,453508,24164,51,74,4.631798505783081,35.98539543151855,8217,29579,95392,35,10469,53513,80001,40,7717,27092,110251,24,12871,59257,114942,43,10151,27215,99754,37,8933,19703,85637,26,7799,16594,59274,25,3980,4830,47950,10,8,0,0,7,5,0,2,13,0,0,0,15,1,26,8,28,0,2,4,0,0,1,0,5,89,10,15,60,0,9,22,0,0,27
django__django-14089,django/django,1,398,187,203,8,227297,1215.4919786096257,5475,489016,2408.945812807882,23136,59546,68529,151776,0.451514073371284,179,15,8,0,7,24,171,7,0.03932584269662921,319471,22136,293,121,5.3581401109695435,29.768239080905914,4867,18967,52453,20,5802,22787,50977,24,6907,18261,62530,20,16263,23178,100461,38,11096,27967,79924,29,9237,17891,54723,23,11673,19091,54274,25,2684,3634,33674,8,7,2,0,0,22,0,121,22,117,0,0,0,2,90,22,6,0,0,0,0,0,0,2,1,86,10,7,45,0,4,18,0,0,9
django__django-14122,django/django,1,608,292,308,8,316757,1084.7842465753424,9447,779720,2531.5584415584417,30614,59546,90496,215320,0.4202860858257477,282,15,8,0,7,24,263,13,0.04710144927536232,491685,13608,19,65,4.91359543800354,33.82955181598663,12217,26465,108483,46,10705,52340,69523,41,8042,20304,146251,28,25266,49394,166193,69,14462,21797,127528,54,9222,18393,66314,25,7936,22882,53872,21,2646,3745,41556,8,4,0,4,3,2,0,0,2,0,0,0,3,1,23,10,24,0,0,5,0,0,1,2,0,99,13,53,38,0,8,32,0,0,39
django__django-14140,django/django,0,498,237,253,8,292294,1233.308016877637,8977,621541,2456.683794466403,30615,59546,72849,210555,0.345985609460711,229,14,8,0,7,33,217,8,0.035555555555555556,337194,12819,201,83,4.776622176170349,41.724254846572876,10495,24497,42399,39,8578,43411,62088,30,9630,25048,122712,29,12903,41038,132987,39,10712,30919,93812,45,10307,15691,73110,24,7011,25553,54093,22,3213,4398,40340,9,14,1,2,1,52,0,126,2,1,1,0,1,0,43,12,24,0,0,3,0,0,1,0,0,120,14,26,24,0,3,22,0,0,20
django__django-14155,django/django,0,474,225,241,8,283603,1260.4577777777777,8782,636705,2641.9294605809127,30613,59546,60986,214184,0.2847364882530908,217,16,8,0,7,50,197,14,0.06635071090047394,418378,27893,179,79,4.714195966720581,34.812584841251365,6244,23369,82662,23,7451,34924,48995,31,6399,14371,82980,21,16615,48281,180047,66,7598,20150,71348,27,6418,35515,61765,24,6478,32551,60613,23,3783,5023,48295,10,63,48,1,4,40,0,15,6,1,0,0,0,1,25,9,28,0,0,4,0,0,1,0,12,123,9,13,30,0,6,25,0,0,11
django__django-14170,django/django,0,1517,715,773,29,809256,1131.8265734265735,9399,2469807,3195.0931435963776,30616,223940,232610,549789,0.4230895852772609,685,17,19,11,28,37,640,14,0.021406727828746176,1552830,28896,220,289,4.631386399269104,32.211106288433086,7637,25345,100902,31,10423,31582,50465,33,6775,27645,156856,26,12325,45878,176150,46,95151,244964,1006708,310,88643,142864,861774,232,8277,26985,45939,25,3379,4526,71013,12,43,37,6,4,7,0,1,119,0,0,0,3,0,110,40,90,0,2,34,0,0,3,10,0,318,42,43,174,0,44,23,0,0,41
django__django-14238,django/django,1,468,222,238,8,324418,1461.3423423423424,10119,691522,2905.5546218487393,30614,59546,65004,251091,0.2588862205335914,214,15,8,0,7,38,203,10,0.046948356807511735,400892,25595,146,67,5.261386871337891,39.334341049194336,7305,28390,59923,28,9669,60516,64912,33,8653,20681,136510,24,10870,34593,157679,45,9294,40180,84812,34,7394,45485,81889,24,8495,17933,71918,25,3324,3313,33879,9,16,1,3,15,1,0,0,106,0,0,0,4,0,24,10,29,0,3,0,0,0,1,0,0,111,11,12,37,0,6,21,0,0,16
django__django-14311,django/django,1,420,198,214,8,219413,1108.1464646464647,5367,625947,2924.9859813084113,30612,59546,58973,153032,0.38536384547022845,190,16,8,0,7,25,177,10,0.053475935828877004,389486,23954,44,74,4.56755805015564,29.665253591537464,8160,28719,80857,30,8114,28058,90520,29,7052,19379,94038,23,8752,26753,131603,32,7240,19438,85103,31,9163,14235,61285,23,7332,13155,41670,21,3160,3295,40871,9,3,4,4,2,0,0,0,1,1,5,0,20,4,44,10,17,0,0,0,0,0,3,0,0,97,14,7,41,0,7,9,0,0,15
django__django-14315,django/django,0,526,251,267,8,363260,1447.2509960159362,7332,587229,2199.3595505617977,23307,59546,75225,278613,0.26999816950393557,243,15,8,0,7,43,223,9,0.03879310344827586,389709,12463,21,65,6.408680438995361,41.45073708295821,8260,39439,65584,28,11817,85937,64078,49,8360,21776,85816,22,12082,35652,108586,49,11931,34610,84015,39,8621,43272,67501,23,10292,12732,55447,28,3862,5195,56202,13,9,4,2,3,1,0,1,0,0,0,0,1,0,19,8,31,0,0,5,0,0,2,0,0,133,14,13,53,0,10,3,0,0,17
django__django-14349,django/django,1,468,222,238,8,272927,1229.400900900901,11170,655539,2754.3655462184875,30614,59546,65656,198950,0.3300125659713496,214,16,8,0,7,30,204,7,0.03317535545023697,401270,19974,92,68,4.90982985496521,33.05495071411133,7040,27293,91552,25,5848,30273,85971,25,10084,20716,98799,19,14853,31696,157259,60,8392,29206,74769,33,7367,30559,59863,24,8010,25695,45957,24,4062,3512,41369,12,26,20,5,18,2,0,5,14,2,0,0,0,0,31,12,18,0,2,0,0,0,0,1,4,111,17,14,37,0,6,12,0,0,17
django__django-14351,django/django,1,668,322,338,8,456020,1416.2111801242236,13839,866509,2563.6360946745563,31359,59546,108204,335695,0.32232830396639806,314,15,8,0,7,42,288,23,0.07395498392282958,583399,16977,66,160,7.1180548667907715,50.03822469711304,15478,34424,122590,57,14172,109092,93201,48,18368,47010,166652,58,30390,33740,175207,63,9145,60120,105154,36,9848,30801,92453,24,7739,16476,59343,26,3064,4032,51909,10,35,3,2,6,2,0,5,8,0,1,0,4,0,98,11,32,0,1,6,0,0,2,10,0,116,14,62,43,0,10,36,0,0,33
django__django-14373,django/django,1,374,175,191,8,199137,1137.9257142857143,5805,477573,2500.3821989528797,30614,59546,51935,140668,0.3692026615861461,167,14,8,0,7,28,157,8,0.048484848484848485,280581,19742,24,51,4.643081903457642,31.535503292083717,5398,19373,55169,18,5978,19388,37041,22,6180,23681,82672,20,9566,30644,107357,33,6042,18307,60825,24,9327,13292,47733,25,6526,12658,50846,22,2918,3325,35930,11,6,0,0,9,0,0,8,0,0,0,0,0,1,29,9,11,0,0,1,0,0,1,0,0,101,9,7,26,0,5,5,0,0,14
django__django-14376,django/django,0,554,265,281,8,310097,1170.1773584905661,7121,614641,2187.334519572954,30614,59546,74545,225598,0.33043289390863395,257,16,8,0,7,36,233,14,0.05668016194331984,389697,16165,57,89,4.691813111305237,32.269144439697264,9873,35505,46486,36,7644,43635,84768,28,7882,21293,97151,28,20071,33044,133192,77,9084,17450,72777,32,8427,35673,84680,27,7060,34802,47536,25,4504,4196,48051,12,12,13,12,10,1,0,0,0,5,0,0,4,0,17,8,49,0,0,4,0,0,3,7,1,119,11,38,42,0,7,19,0,0,21
django__django-14404,django/django,1,532,254,270,8,289477,1139.6732283464567,6678,722589,2676.2555555555555,30616,59546,82665,197275,0.41903434292231656,246,16,8,0,7,35,228,13,0.05394190871369295,449714,18444,69,129,5.13021183013916,33.963017654418906,7666,21467,85196,33,25940,59623,123501,61,8089,20761,128546,27,12666,42844,134536,46,8630,18637,89844,30,9581,18998,58817,24,7150,11312,59420,23,2943,3633,42729,10,24,20,6,3,3,0,2,5,1,0,0,5,0,81,10,31,0,2,3,0,0,0,0,2,107,18,31,31,0,7,24,0,0,28
django__django-14434,django/django,1,629,301,319,9,369659,1228.1029900332226,9199,798343,2502.64263322884,30616,67000,96161,262190,0.3667607460238758,292,17,9,0,8,37,270,15,0.05263157894736842,504659,22349,90,115,5.181218981742859,35.206749057769784,10699,27757,87529,37,12089,43116,53032,29,9488,16845,148628,29,16959,43580,137419,69,14238,36112,100210,42,23064,74867,174561,63,6872,15749,52643,22,2752,4164,44321,10,10,6,11,5,51,0,1,0,2,0,0,3,1,35,10,60,0,1,5,0,0,1,3,0,122,16,27,54,0,9,24,0,0,40
django__django-14493,django/django,1,486,231,247,8,278008,1203.4978354978355,6788,554589,2245.2995951417006,30613,59546,76329,193016,0.3954542628590376,223,17,8,0,7,36,210,10,0.045454545454545456,339290,27348,82,87,4.564747214317322,28.275989603996244,8896,21423,47278,34,17564,39264,81067,43,6215,13081,75944,16,17147,38917,146448,57,6951,24646,60149,25,6928,38473,56118,22,8421,13935,47518,24,4207,3277,40067,10,19,0,0,4,0,0,8,12,0,0,0,38,1,52,11,24,0,0,0,0,0,0,0,0,93,10,18,29,0,7,42,0,0,24
django__django-14500,django/django,1,676,326,342,8,424650,1302.6073619631902,10458,676761,1978.8333333333333,30615,59546,92587,319791,0.2895234700163544,318,15,8,0,7,40,289,21,0.06774193548387097,422167,17842,44,106,4.263797760009766,39.275986766815194,15881,65435,125274,62,8681,43350,68680,36,10682,51440,101797,26,18683,61934,118854,72,21091,55124,113831,72,6821,20421,63910,24,8363,18889,51600,25,2385,3198,32815,9,11,7,2,3,3,0,0,6,0,0,0,11,1,30,8,59,0,0,3,0,0,0,6,0,132,15,48,40,0,10,37,0,0,36
django__django-14534,django/django,0,618,297,313,8,337030,1134.7811447811448,10944,681528,2177.4057507987222,30613,59546,85354,240582,0.35478132196091144,287,16,8,0,7,22,256,25,0.08896797153024912,448079,14041,66,114,4.592349410057068,39.03074926137924,8804,30129,86320,36,11039,65591,79002,42,8443,28805,109308,27,18747,38312,132758,72,22579,45181,113869,69,5596,17181,70257,20,6074,11543,47095,21,4072,3840,42919,10,17,5,6,3,8,1,1,0,17,0,0,8,0,27,8,57,0,1,9,0,0,1,9,2,99,13,41,47,0,5,41,0,0,41
django__django-14539,django/django,1,762,369,385,8,486359,1318.0460704607046,11767,858028,2228.6441558441556,30614,59546,105291,367274,0.2866824223876452,358,16,8,0,7,35,312,38,0.10857142857142857,568854,18844,30,91,6.1701496839523315,40.53454366922378,13282,43808,91796,37,10431,36276,74266,31,5762,14005,122771,18,17949,94817,152719,65,38716,141765,237437,158,7718,16179,67200,23,7360,17221,63283,25,4073,3203,48556,12,7,2,2,1,2,0,0,10,0,1,0,3,2,25,8,45,0,0,1,0,0,2,2,8,114,18,23,96,0,24,26,0,0,57
django__django-14559,django/django,1,506,241,257,8,280015,1161.8879668049792,7440,789748,3072.9494163424124,30616,59546,69738,201232,0.34655521984575016,233,14,8,0,7,21,226,6,0.02586206896551724,518496,18635,176,65,4.976010322570801,28.473664104938496,9621,17103,74304,36,7255,32637,72152,27,7059,25068,144435,23,13685,37856,172185,51,13206,54808,115183,46,8246,16307,86296,23,6692,13280,43968,21,3974,4173,81225,14,10,10,4,2,8,0,2,126,0,0,0,12,2,27,10,25,0,0,3,0,0,0,0,0,114,11,15,30,0,4,47,0,0,12
django__django-14580,django/django,1,1109,529,563,17,622638,1177.0094517958412,9245,1460458,2594.063943161634,30612,129776,162699,440086,0.3696981953527265,512,17,13,4,16,57,461,31,0.06300813008130081,934918,29783,586,233,4.670073866844177,35.485639965534205,11732,87644,184921,49,18006,63570,91875,48,7487,23116,99698,24,16970,28687,201008,72,45551,89479,381197,138,49747,123717,401486,152,9320,20608,63134,35,3886,3265,37139,11,42,14,12,182,2,306,2,16,0,3,0,7,0,84,22,108,0,0,17,0,0,1,1,0,240,43,52,105,0,14,24,0,0,34
django__django-14608,django/django,1,1276,605,649,22,696053,1150.500826446281,11110,1703683,2625.08936825886,30614,168618,194260,479165,0.40541358404724886,582,16,16,6,21,37,539,32,0.05604203152364273,1120000,27266,58,279,4.508936882019043,33.795241761207585,10682,33274,134732,37,12802,68875,70479,43,8434,13861,100722,27,21952,35079,109988,80,63020,172124,540491,188,68339,132952,651564,197,5877,20211,61579,23,3154,2789,34128,10,16,8,6,7,7,1,2,5,4,0,0,2,0,69,25,89,0,0,15,0,0,0,78,3,238,24,62,133,0,23,37,0,0,65
django__django-14631,django/django,1,584,280,296,8,332445,1187.3035714285713,6818,683524,2309.2027027027025,30614,59546,81093,240826,0.3367285924277279,272,17,8,0,7,34,243,24,0.0898876404494382,394786,16417,62,92,4.975332975387573,34.852059268951365,9130,26922,81171,38,17214,69065,64839,47,6788,26141,143577,26,15417,40921,105682,57,12100,34763,101806,51,7301,21882,78896,29,10277,17762,60349,22,2866,3370,47204,10,23,1,6,5,13,0,1,2,8,0,0,3,0,42,8,41,0,0,0,0,0,0,1,0,107,13,33,61,0,7,13,0,0,38
django__django-14672,django/django,1,796,377,405,14,512637,1359.7798408488063,16073,1118426,2761.5456790123458,30615,105842,126756,371706,0.34101144452874044,361,15,12,2,13,42,341,13,0.03672316384180791,683864,22671,468,156,5.19151771068573,42.740154564380646,9597,41924,58961,35,10482,53958,55022,27,6164,15287,82294,19,15061,38592,168727,53,27359,70244,239512,81,48169,133499,388507,129,7116,15186,83745,23,2808,3016,41658,10,18,45,2,3,158,0,230,9,0,0,0,3,0,50,17,64,0,0,17,0,0,1,7,0,176,24,16,59,0,10,36,0,0,40
django__django-14725,django/django,0,608,292,308,8,390450,1337.1575342465753,10952,879743,2856.3084415584417,30614,59546,89578,289892,0.30900473279704166,284,16,8,0,7,34,262,16,0.05755395683453238,647062,17167,96,98,4.902858257293701,39.75709056854248,15457,30166,126400,52,9742,66975,92976,34,11496,29533,119815,29,16629,55784,190840,59,16422,43036,149298,61,9824,41439,84749,25,6947,18647,68140,22,3061,4312,47525,10,10,0,2,5,6,0,60,9,1,0,0,3,0,29,8,51,0,0,3,0,0,4,2,1,111,14,27,51,0,2,24,0,0,55
django__django-14752,django/django,1,490,233,249,8,292027,1253.3347639484978,7162,725395,2913.2329317269077,30617,59546,62289,220998,0.2818532294409904,224,15,8,0,7,37,211,11,0.04954954954954955,433975,20115,113,91,4.646320343017578,32.82212971448898,8451,33608,87847,41,7549,43993,73478,29,6975,17669,174801,27,13812,52777,132550,54,7820,28811,94689,29,6146,23352,68232,21,7401,16730,49983,20,4135,4058,43815,12,20,39,16,4,6,0,0,2,18,0,0,6,2,24,8,38,0,1,0,0,0,0,20,0,113,18,16,33,0,7,23,0,0,14
django__django-14765,django/django,1,502,239,255,8,258630,1082.1338912133892,6346,590677,2316.380392156863,30612,59546,73446,176216,0.41679529668134563,231,15,8,0,7,31,213,9,0.04054054054054054,375081,17892,313,92,4.473117470741272,28.18175387382507,10109,26923,92446,38,7916,45329,46328,30,12981,21351,99819,33,18921,32859,117537,62,5871,13101,67195,22,7443,16293,78444,25,7487,17162,49751,19,2718,3198,39157,10,5,279,2,4,3,0,4,10,3,1,0,1,1,39,8,45,0,0,0,0,0,0,0,0,103,11,25,29,0,5,31,0,0,27
django__django-14771,django/django,1,448,212,228,8,276539,1304.4292452830189,7219,716628,3143.1052631578946,30612,59546,67937,200661,0.33856603924031076,204,15,8,0,7,27,188,13,0.06467661691542288,436060,26061,158,108,4.237469434738159,28.159607410430908,9187,29868,91690,34,12682,49737,100334,35,6002,19643,121383,20,10306,27052,154233,36,11419,27713,81283,26,9118,21521,76695,29,6923,21647,57770,24,2300,3480,33240,8,47,33,8,6,0,0,0,1,1,4,1,52,5,59,8,21,0,4,0,0,0,0,12,4,90,30,6,47,0,6,16,0,0,9
django__django-14787,django/django,1,568,272,288,8,339656,1248.735294117647,8914,821524,2852.5138888888887,30613,59546,74284,253669,0.2928383050353019,261,15,9,0,7,38,235,18,0.07114624505928854,592023,28271,385,70,4.165278673171997,31.572421431541443,5714,29464,65389,20,9807,56244,78889,40,7980,27983,163295,25,18133,33195,189330,74,9962,36883,121150,41,12184,53445,109988,37,7035,13552,53750,24,3469,2903,39733,11,67,0,3,1,243,0,31,14,24,0,0,2,0,16,9,38,0,2,2,0,0,2,0,1,119,10,28,55,0,3,34,0,0,12
django__django-14792,django/django,0,598,287,303,8,427840,1490.7317073170732,10322,774853,2557.2706270627064,30615,59546,86575,330473,0.2619729902291564,278,14,8,0,7,52,248,23,0.08487084870848709,482253,19038,72,104,4.722573280334473,50.56458443403244,12755,46385,104834,45,18985,137444,119754,58,10728,20006,111755,30,15060,46720,139033,66,7518,29779,76688,27,11616,26885,81813,29,6914,18675,90274,22,2999,4579,50702,10,11,0,7,11,0,0,1,41,0,0,0,1,0,34,10,42,0,1,10,0,0,0,7,0,135,16,37,51,0,2,19,0,0,18
django__django-14855,django/django,1,618,297,313,8,418702,1409.7710437710439,11405,780124,2492.408945686901,30614,59546,84638,322893,0.26212398534499043,289,17,8,0,7,52,264,21,0.07368421052631578,528930,27143,84,84,4.708212494850159,42.455871522426605,14786,95893,120536,59,17021,99881,160066,60,10666,18853,109615,27,16104,38129,183673,69,7110,18087,74263,25,8542,35128,56179,24,7690,13346,46750,25,2719,3576,29042,8,24,5,9,6,18,0,0,5,3,0,0,14,0,25,8,46,0,0,4,0,0,0,1,0,132,11,55,22,0,6,26,0,0,37
django__django-14915,django/django,1,434,205,221,8,215995,1053.6341463414635,8512,502698,2274.651583710407,30612,59546,59076,149244,0.39583500844255043,197,14,8,0,7,22,186,3,0.015873015873015872,288367,26687,168,77,4.387160062789917,28.50905705690384,9210,15264,41085,27,6900,40258,50512,27,5616,14042,70337,17,10290,23692,147866,43,6809,23353,64310,31,10064,13702,53413,28,7635,15872,47592,23,2552,3061,27583,9,7,0,0,9,0,0,150,0,0,0,0,2,0,26,12,24,0,1,0,0,0,0,14,0,90,8,16,39,0,7,22,0,0,15
django__django-14999,django/django,1,502,239,255,8,353693,1479.887029288703,11744,792321,3107.141176470588,30615,59546,69049,275677,0.2504706595036945,231,17,8,0,7,33,215,11,0.048672566371681415,476605,18182,38,59,4.915170192718506,43.40863602161405,13022,73069,126925,48,13302,72163,113030,40,7917,24990,165402,27,10388,34331,113811,42,6208,15674,70692,23,8122,25031,77954,23,7190,25979,71179,26,2900,4440,53328,10,6,0,7,9,0,0,0,8,2,0,0,5,1,17,8,24,0,7,2,0,0,1,0,0,104,29,31,32,0,2,17,0,0,16
django__django-15022,django/django,0,1515,739,764,12,687147,929.8335588633288,8554,1471177,1925.624345549738,30613,93536,195059,464784,0.4196766670109126,703,19,10,1,11,50,637,52,0.07547169811320754,1009321,27397,249,247,5.2069995403289795,45.89376705884926,14209,59392,117539,69,8959,43741,99534,32,25704,63603,298101,85,39624,102516,344058,135,87406,148115,428799,355,7047,29788,72222,24,8125,13378,54353,26,3985,4251,56571,13,83,45,7,12,1,0,4,8,1,3,0,83,2,27,13,198,0,3,3,0,0,1,1,1,201,24,67,239,0,32,69,0,0,71
django__django-15037,django/django,0,673,323,341,9,418100,1294.4272445820434,10934,1031881,3026.0439882697947,30614,67000,94924,311032,0.3051904627176625,314,15,9,0,8,42,285,20,0.06557377049180328,745243,22459,69,107,4.667488932609558,32.54172316789627,11256,68658,128423,47,9939,98116,155972,42,9643,20991,152749,29,15880,39815,176467,53,8670,21121,98043,37,28535,43292,220619,81,6944,14970,40320,22,4057,4069,59288,12,24,14,4,5,3,0,3,0,9,0,0,7,0,20,10,69,0,2,4,0,0,0,2,0,159,18,46,46,0,6,23,1,0,15
django__django-15098,django/django,0,1009,486,511,12,524930,1080.102880658436,9120,1204576,2357.2915851272014,30615,90148,141644,365108,0.3879509624549448,471,14,10,1,11,42,433,32,0.06881720430107527,863046,28910,60,179,4.696642637252808,31.957941293716413,9994,31563,118609,42,10585,51027,91435,41,8705,18062,111815,29,13559,52763,161686,65,40725,66226,280589,129,47691,125590,348773,148,6383,14980,49469,22,4002,4897,42200,10,14,1,7,3,2,0,10,5,10,0,0,8,0,35,12,108,0,0,10,0,0,2,4,8,174,35,52,120,0,20,25,0,0,45
django__django-15103,django/django,1,430,203,219,8,256992,1265.9704433497536,6635,583394,2663.8995433789955,30612,59546,64880,184514,0.35162643485047207,195,16,8,0,7,27,185,4,0.021164021164021163,338518,25222,124,91,5.037448048591614,36.05305689573285,8860,34195,81388,32,9619,23075,55672,23,9513,22005,87160,24,9112,34418,138402,35,8629,35273,72945,33,6069,16903,59637,22,9859,14250,45980,23,3219,4395,42210,11,6,6,2,5,0,0,94,10,0,0,0,1,0,59,12,20,0,0,0,0,0,0,0,0,119,11,9,26,0,5,12,0,0,13
django__django-15104,django/django,1,498,237,253,8,377145,1591.3291139240507,85673,628916,2485.8339920948615,30614,59546,73741,294513,0.2503828353926652,228,15,8,0,7,30,218,8,0.035398230088495575,353187,26726,358,64,4.295471668243408,33.211700558662415,8595,15429,59356,43,14090,43875,67264,41,9372,24431,111725,23,12716,126532,136070,43,8443,18641,71391,27,7486,43140,58761,23,8471,17308,53970,24,4568,5157,70379,13,20,0,2,1,2,0,0,15,308,0,1,9,0,23,10,23,0,3,4,0,0,0,1,0,97,13,27,41,0,2,19,0,0,29
django__django-15127,django/django,0,492,234,250,8,322839,1379.6538461538462,9791,634035,2536.14,26697,59546,67427,246636,0.2733866913183801,226,15,8,0,7,40,216,5,0.02262443438914027,450725,26653,19,79,4.081626653671265,30.478935003280593,8724,37211,78052,34,7588,38128,70243,27,7861,24202,106905,26,16757,35491,111063,60,7465,29279,109614,28,8821,40791,68549,26,7257,37127,52235,23,2954,4407,37374,10,5,2,4,5,0,0,0,0,0,0,0,3,0,27,8,42,0,1,0,0,0,0,0,1,135,11,21,20,0,6,18,0,0,15
django__django-15128,django/django,1,738,357,373,8,459349,1286.6918767507002,7969,927057,2485.407506702413,30615,59546,101734,344202,0.2955648136849873,348,14,8,0,7,58,318,24,0.07017543859649122,677508,28954,517,127,4.9812846183776855,41.15275114774704,15507,92672,164023,73,11697,48670,81851,42,16077,69816,208275,60,26639,52607,120770,65,14036,42570,147614,58,7834,18812,78960,24,6432,15970,69551,24,3512,3085,56013,11,46,384,13,11,12,1,26,4,4,0,0,16,0,66,13,43,0,4,1,0,0,0,0,0,153,21,49,44,0,3,47,0,0,31
django__django-15161,django/django,1,704,340,356,8,421778,1240.5235294117647,13467,717554,2015.6011235955057,30615,59546,102467,306506,0.3343066693637319,331,15,8,0,7,43,307,19,0.05828220858895705,464512,13023,103,166,4.432351589202881,35.7107422351837,12877,78801,70542,56,15773,95672,77913,45,9333,20227,116977,31,26374,47275,143936,62,21668,29392,140742,91,6424,19582,59604,24,7171,12596,62438,21,2847,2961,45402,10,20,10,2,3,35,3,12,11,0,0,1,6,0,89,8,48,0,1,0,0,0,0,17,3,122,21,72,60,0,9,21,0,0,26
django__django-15252,django/django,0,1754,847,887,20,1019430,1203.57733175915,13667,2421056,2729.4881623449833,29771,152924,269070,719323,0.3740600536893718,803,14,15,5,19,66,718,48,0.06266318537859007,1831989,29727,248,265,5.856635808944702,68.33221608400345,11767,51767,105055,40,10595,81420,82970,34,9264,33642,94744,36,13448,54956,187765,54,142735,286316,1080336,459,71740,185678,747108,193,6137,21789,78804,19,3384,3755,44274,12,127,66,8,5,20,0,3,10,4,1,0,4,0,50,20,142,0,5,41,0,0,3,2,2,345,39,59,213,0,45,57,0,0,45
django__django-15268,django/django,1,1190,572,603,15,645221,1128.0087412587413,10200,1511300,2506.301824212272,30829,113296,175032,449035,0.38979589564287864,546,15,14,2,15,54,511,23,0.04307116104868914,989742,25791,147,245,4.698723077774048,38.22386634349823,11454,23527,59532,41,9273,55370,62083,32,11048,24688,159031,29,12410,36934,216457,46,31566,85165,301548,110,88513,201421,582968,281,7949,17035,62502,22,2819,4895,67179,11,13,86,1,4,9,1,11,16,0,0,0,6,0,69,16,125,0,2,22,0,0,3,1,7,214,63,71,116,0,24,22,0,0,36
django__django-15277,django/django,1,504,240,256,8,334756,1394.8166666666666,7427,708367,2767.05859375,30615,59546,74367,251481,0.29571617736528805,229,16,9,0,7,41,216,11,0.048458149779735685,406849,16046,218,114,4.662763357162476,40.208412075042716,10353,22279,72904,40,6728,51179,49691,27,9581,30372,157693,24,19448,35656,125357,46,11397,40480,87965,41,10042,54389,104336,39,3714,12476,57070,13,3104,4650,53351,10,6,10,4,4,5,0,182,3,0,0,0,4,0,61,8,27,0,3,1,0,0,0,14,0,117,17,24,33,0,2,12,0,0,24
django__django-15278,django/django,1,614,295,311,8,346289,1173.8610169491526,9277,755106,2427.993569131833,30615,59546,86462,248829,0.3474755755960921,283,15,9,0,7,36,270,8,0.02877697841726619,466986,14474,24,67,4.603329658508301,36.440270602703094,10473,35264,87032,46,12343,34849,67789,41,7627,17204,161816,26,18849,38988,154704,70,9810,24654,88549,32,17553,78374,98198,47,6282,15228,52064,22,3525,4268,44954,11,14,1,0,4,0,0,0,2,0,0,0,2,1,19,9,30,0,1,5,0,0,0,3,0,131,24,37,32,0,11,25,0,0,23
django__django-15280,django/django,1,774,375,391,8,453812,1210.1653333333334,9660,1033690,2643.708439897698,30615,59546,116057,323925,0.358283553291657,358,17,8,0,7,48,340,9,0.025787965616045846,776158,19429,151,176,4.854613661766052,47.26252140998835,18435,64176,122649,75,13565,45453,86650,31,23786,32388,293058,72,15507,51370,199361,67,25940,49600,158654,75,7039,39173,65386,22,9009,36877,63591,23,2776,4888,44341,10,25,26,6,9,32,0,19,20,7,0,0,6,1,55,9,49,0,0,7,0,0,0,6,50,124,28,75,51,0,9,6,0,0,65
django__django-15315,django/django,1,518,247,263,8,252029,1020.3603238866397,11431,534999,2034.216730038023,30615,59546,71613,171182,0.4183442184341812,238,16,8,0,7,24,218,14,0.0603448275862069,256407,7621,47,78,4.7450443506240845,30.64259785413742,9798,22589,44122,41,13130,41969,51094,40,6671,19328,86318,21,12098,24497,143801,47,10991,19285,78738,42,8643,28829,57550,24,4951,11406,31753,18,5331,3279,41623,14,16,12,2,9,2,1,0,0,0,0,0,4,1,31,9,19,0,1,3,0,0,0,12,3,114,11,36,26,0,3,19,0,0,29
django__django-15368,django/django,1,562,269,285,8,356635,1325.7806691449814,7898,734569,2577.4350877192983,30612,59546,71814,274713,0.2614146400061155,261,17,8,0,7,45,240,17,0.06614785992217899,484830,18372,178,93,5.044758558273315,36.404943859577166,9920,35357,95176,40,15867,80742,130612,65,6526,18268,108103,27,13321,49172,134183,47,8194,28929,93335,31,6809,42430,69762,25,6829,15093,59267,22,4348,4722,44131,12,44,19,6,10,1,0,35,52,0,0,0,11,0,21,8,49,0,3,11,0,0,0,1,0,135,15,27,22,0,4,38,0,0,20
django__django-15375,django/django,1,538,257,273,8,307856,1197.8832684824902,9372,656430,2404.5054945054944,30616,59546,70682,227524,0.3106573372479387,248,15,8,0,7,28,230,13,0.053497942386831275,426568,12436,55,91,4.270135402679443,39.04869443178177,14404,43743,115109,57,9242,50957,61884,30,8788,29716,118157,30,14370,43031,136644,58,7408,20037,77944,28,6616,18342,60823,22,6460,18460,48438,21,3394,3238,37431,11,18,0,2,5,3,0,16,7,0,0,0,4,0,20,9,36,0,2,21,0,0,0,3,0,111,13,38,36,0,2,18,0,0,30
django__django-15380,django/django,1,566,271,287,8,329679,1216.5276752767527,14488,576450,2008.5365853658536,30614,59546,72544,246949,0.2937610599759464,263,15,8,0,7,32,246,14,0.05384615384615385,358449,11965,183,68,4.75139319896698,38.326228666305525,11186,21568,92496,48,11475,83094,74387,44,6833,50612,76139,20,19598,26752,122628,79,5946,16106,63314,25,7558,34301,53375,22,6321,11132,47151,20,3627,3384,46960,13,33,3,2,3,2,0,0,0,138,0,0,2,0,21,9,29,0,0,8,0,0,0,1,0,92,29,48,45,0,5,21,0,0,23
django__django-15382,django/django,1,883,422,448,13,454337,1076.6279620853081,10793,1038598,2318.2991071428573,30616,98388,135122,303410,0.4453445832372038,408,16,11,2,11,32,378,18,0.045454545454545456,652098,20213,42,168,5.162443161010742,37.29123902320862,15460,39607,93283,69,8382,51246,68138,29,9214,26723,104647,30,23558,40404,114765,69,27866,56412,242202,91,37722,66550,328242,101,9259,18111,46884,23,3661,4357,40437,10,6,0,4,4,9,0,10,6,0,0,0,3,0,76,19,55,0,4,12,0,0,2,0,0,166,28,60,69,0,12,27,0,0,46
django__django-15467,django/django,1,602,289,305,8,295221,1021.5259515570934,6910,674179,2210.422950819672,30613,59546,77811,206542,0.37673209323043255,281,17,8,0,7,25,263,17,0.060714285714285714,403291,27272,45,97,5.209146976470947,29.101114630699144,8497,24915,47087,36,8480,34591,57222,31,8968,24654,121148,30,19706,50760,183320,74,17337,38161,116764,66,6005,14420,61764,22,5325,15003,44067,19,3493,4038,42807,11,12,2,6,5,1,0,1,8,0,0,0,10,0,20,10,58,0,1,0,0,0,2,1,5,121,21,30,45,0,9,24,0,0,31
django__django-15499,django/django,1,520,248,264,8,305353,1231.2620967741937,7015,679998,2575.75,30616,59546,71698,224347,0.31958528529465513,240,15,8,0,7,44,224,9,0.03862660944206009,376637,18756,53,56,4.762343406677246,31.15035889148712,11872,33772,105319,44,8635,22277,60124,29,7145,16534,99243,25,13542,38050,180292,56,9865,49725,90125,35,8733,29892,60284,24,9361,30318,53177,26,2545,3779,31434,9,17,9,6,5,0,0,7,4,2,0,0,3,0,18,8,28,0,2,0,0,0,0,0,0,118,19,34,22,0,9,20,0,0,18
django__django-15503,django/django,1,782,376,396,10,558517,1485.4175531914893,61308,1001286,2528.5,30613,75240,100865,443548,0.2274049257352079,363,16,9,1,9,31,336,14,0.04,613858,23526,177,120,5.3186821937561035,42.80106828212738,7374,39982,85144,33,7932,38620,63615,34,9062,25814,137860,28,17184,64007,211510,67,35409,201226,251842,138,13441,44825,145758,43,7260,24954,57689,23,3203,4120,47868,10,21,14,8,3,6,0,8,111,0,0,0,5,1,20,15,73,0,1,8,0,0,1,2,0,133,33,33,70,0,15,40,0,0,39
django__django-15525,django/django,1,787,380,398,9,485668,1278.0736842105264,10337,1059097,2661.047738693467,30613,67000,108103,359402,0.30078574966193844,365,17,9,0,8,51,331,21,0.05965909090909091,729815,26978,171,146,4.593564987182617,44.308351469039835,14019,60392,146584,51,15455,89699,132014,57,9972,39926,215873,39,17263,31301,162790,64,21482,55403,145237,72,18410,68014,161675,62,7860,11643,50511,22,3642,3024,44413,13,87,7,3,9,16,0,4,6,36,0,0,3,0,18,9,78,0,0,2,0,0,0,22,17,169,20,48,52,0,11,30,0,0,35
django__django-15554,django/django,1,745,359,377,9,396094,1103.325905292479,6322,937151,2485.8116710875333,30614,67000,107760,274898,0.39199994179659364,348,15,9,0,8,38,322,19,0.05571847507331378,620309,28751,83,98,5.250171065330505,31.309361588954907,14788,37842,98447,58,8626,48622,95107,32,7541,24360,101601,27,16871,32331,185214,62,26000,56852,162303,78,22939,44857,195894,71,7985,24361,52200,21,3010,5673,46385,10,29,4,2,3,1,0,10,29,0,0,0,5,0,26,9,49,0,5,2,0,0,2,3,2,132,26,46,65,0,13,10,0,0,56
django__django-15561,django/django,0,1834,876,931,27,954415,1089.5148401826484,11629,2412673,2591.485499462943,30615,207460,262106,660140,0.39704608113430484,830,17,19,8,26,53,779,24,0.029887920298879204,1633246,26689,52,320,4.286123991012573,36.019983005523656,12634,39275,80375,68,9235,70747,64461,38,6526,22750,88058,22,20936,44583,133757,81,82120,196776,771942,259,117602,265509,1118024,370,8253,16263,85983,25,4800,4237,70073,13,15,10,5,5,3,0,0,12,0,0,0,1,1,72,27,184,0,2,30,0,0,4,0,1,372,65,90,159,0,53,43,0,0,48
django__django-15563,django/django,1,1332,644,674,14,829973,1288.777950310559,15977,1586005,2353.1231454005933,30616,105056,210500,595776,0.3533207111397572,615,16,11,1,12,56,560,36,0.06040268456375839,1164153,26480,120,220,4.784754037857056,43.35380806922908,10891,39064,88199,47,14195,167023,89773,52,11438,35576,142770,37,18486,36576,168973,50,58963,143327,345467,176,86880,155953,625738,248,6591,12912,54388,21,3056,5345,70697,13,29,16,10,4,31,0,13,5,1,0,0,11,0,43,18,124,0,2,11,0,0,1,21,0,259,45,70,112,0,20,35,0,0,74
django__django-15569,django/django,1,625,299,317,9,387167,1294.8729096989966,7881,709126,2236.9905362776026,30614,67000,97310,278624,0.34925203858964055,290,15,9,0,8,41,269,14,0.04946996466431095,463049,15699,25,89,4.3216530084609985,33.199597764015195,10501,30081,61186,41,12068,41087,44925,35,8077,19402,112046,24,14082,47962,115726,53,23105,51113,107522,53,18639,60846,156850,60,7214,23247,59847,23,3624,4886,51024,10,7,4,3,3,2,0,1,3,0,0,1,1,0,28,10,46,0,0,3,0,0,0,1,1,120,17,22,64,0,12,28,0,0,27
django__django-15572,django/django,1,561,267,285,9,385722,1444.6516853932585,11328,753590,2644.1754385964914,30612,67000,86946,288759,0.30110230330483206,258,13,9,0,8,28,240,11,0.043824701195219126,508535,17379,144,123,5.2022385597229,38.69507724046707,10306,39948,60501,42,11788,60129,62871,31,8521,27416,83666,23,13386,57606,160991,52,12146,28809,110509,40,18430,44408,175356,47,8660,27026,56947,22,3709,3417,42749,10,12,21,6,4,0,0,91,4,0,1,0,4,1,72,10,28,0,2,8,0,0,1,2,0,112,13,14,74,0,9,20,0,0,16
django__django-15629,django/django,0,1754,852,886,16,1004707,1179.2335680751173,14811,1947572,2198.1625282167042,30616,120750,246402,725880,0.3394528021160522,832,18,12,2,15,42,767,49,0.06004901960784314,1443342,25950,145,320,4.905969858169556,31.73164737224579,18402,45360,116667,69,10053,36561,63756,31,9805,35088,134074,32,23726,50754,188549,90,91757,317788,605517,350,80904,219346,698364,246,7220,15242,80077,21,4535,5741,60568,13,39,18,6,6,13,0,18,39,2,0,0,3,1,48,18,216,0,7,22,0,0,4,2,3,246,59,122,205,0,40,22,0,0,138
django__django-15695,django/django,0,552,264,280,8,318946,1208.128787878788,13192,714116,2550.4142857142856,30614,59546,76458,232569,0.32875404718599643,255,14,8,0,7,34,237,15,0.05952380952380952,431732,12469,54,101,4.100769519805908,36.055407261848444,15441,39570,121710,68,9920,47262,74796,27,10099,42587,127809,27,13169,32233,121775,51,9213,25762,95744,33,6029,23188,70742,23,8983,18301,53750,23,3604,3666,47790,12,2,0,3,2,1,0,0,41,0,1,0,4,0,42,9,41,0,2,4,0,0,0,1,2,110,20,43,28,0,3,26,0,0,25
django__django-15731,django/django,1,668,319,339,10,403983,1266.4043887147336,18552,866193,2555.141592920354,30615,75240,112407,279657,0.4019459552237205,307,16,10,1,9,31,283,14,0.04713804713804714,462482,18097,36,170,4.705044865608215,38.053596174716944,8209,16502,36622,32,13057,69704,58319,36,9693,23434,188296,28,16809,33961,115142,41,22287,63008,207730,74,33718,53135,170804,81,5760,15862,41481,17,2874,4051,47799,10,6,5,4,4,3,0,0,13,0,0,0,1,0,91,15,46,0,4,6,0,0,0,6,2,132,33,34,58,0,4,23,0,0,23
django__django-15732,django/django,1,550,263,279,8,346776,1318.5399239543726,8865,749187,2685.2580645161293,30614,59546,73463,263435,0.27886575436065825,255,16,8,0,7,44,244,6,0.024,495194,29462,196,62,4.761725425720215,36.87199763059614,10187,37225,82392,42,8937,52194,71723,32,11219,22445,134113,37,17165,62164,213164,67,8063,24527,89469,32,8111,35862,68723,22,6771,25922,60425,22,3010,3096,29178,9,11,0,4,3,7,0,2,168,0,0,0,1,0,19,11,24,0,1,2,0,0,0,5,0,103,18,38,29,0,6,23,0,0,38
django__django-15741,django/django,1,532,254,270,8,305466,1202.6220472440946,9033,728878,2699.5481481481484,30616,59546,72940,222988,0.32710280373831774,246,16,8,0,7,33,229,7,0.029661016949152543,474137,27671,338,65,5.004114627838135,41.0808621406555,12030,25899,135476,47,9006,57694,65269,33,10431,21901,135244,28,16719,63460,136204,63,6410,19627,81348,24,7230,16379,65018,23,7045,13059,60737,23,4069,4969,49582,13,11,0,7,9,26,0,246,21,14,0,0,4,0,21,10,34,0,0,0,0,0,0,0,0,126,14,36,19,0,1,30,1,0,19
django__django-15814,django/django,1,590,283,299,8,270369,955.3674911660777,5841,628996,2103.665551839465,30615,59546,80103,179628,0.44593827242968803,275,17,8,0,7,33,256,13,0.048327137546468404,395401,13257,221,101,4.805143237113953,27.460234129428862,11684,21065,81913,50,6727,28730,52441,28,12301,31476,153772,41,19737,29537,116367,78,6866,13455,61684,27,9781,26390,66165,26,9403,25417,51923,23,3604,3558,44731,10,14,0,3,4,1,0,0,199,0,0,0,0,0,42,11,41,0,4,2,0,0,1,0,0,103,15,40,39,0,2,29,0,0,47
django__django-15851,django/django,1,496,233,253,10,288154,1236.7124463519312,8964,599539,2369.719367588933,27813,75240,73877,205606,0.3593134441601899,222,15,9,1,9,32,210,6,0.027777777777777776,366869,27769,24,81,4.623016715049744,35.51893392801284,6710,24219,37066,25,5990,29723,48260,20,5499,15062,79450,18,10061,36842,90544,36,18971,46738,141581,62,16491,33563,120350,42,7157,16347,51303,21,2998,3112,30985,9,9,7,0,2,1,0,0,0,0,0,0,3,2,36,10,29,0,0,5,0,0,1,0,0,120,15,7,43,0,10,11,0,0,16
django__django-15863,django/django,1,486,231,247,8,241272,1044.4675324675325,7227,617012,2498.024291497976,30615,59546,62541,170069,0.3677389765330542,223,15,8,0,7,27,212,5,0.02304147465437788,338045,15228,88,83,4.885410189628601,30.15749198198318,7697,18063,42910,28,5283,23570,47367,22,9209,20351,132646,33,12599,39055,149084,55,8967,27924,78577,32,6989,18963,65181,23,8520,18090,55067,28,3277,4053,46180,10,10,4,0,4,1,0,27,39,0,0,0,2,1,16,9,22,0,1,2,0,0,2,2,29,108,19,17,34,0,10,18,0,0,17
django__django-15916,django/django,1,670,323,339,8,370776,1147.9133126934985,6653,680175,2006.41592920354,30614,59546,95184,263603,0.3610884549872346,310,18,9,0,7,34,276,31,0.10097719869706841,416609,14704,62,98,4.233730316162109,29.862710845470428,12542,38819,67420,36,10131,57934,61741,36,7115,20456,124400,22,19818,37086,133949,76,17628,53786,105386,67,17335,36205,96930,53,7313,15350,45646,21,3302,3967,44703,12,20,8,0,4,9,0,19,0,0,0,0,0,2,23,8,56,0,0,2,0,0,1,2,6,132,19,36,49,0,7,30,0,0,37
django__django-15930,django/django,1,594,285,301,8,282950,992.8070175438596,6901,636907,2115.970099667774,30616,59546,79555,192679,0.4128887943159348,277,16,8,0,7,35,261,13,0.04744525547445255,385855,16219,49,66,4.853838205337524,31.774182999133973,13117,26879,66001,44,13833,55871,68688,47,8826,16738,133733,34,16702,37094,119637,63,12943,24651,95825,51,4560,11809,50093,15,6074,16266,57947,20,3500,3371,44983,11,10,2,4,2,0,0,14,10,0,0,0,7,0,19,8,32,0,1,2,0,0,0,4,0,103,11,47,39,0,9,28,0,0,40
django__django-15957,django/django,1,758,367,383,8,453329,1235.2288828337876,9908,821111,2143.8929503916447,30617,59546,99323,340403,0.2917806247300993,352,17,8,0,7,51,317,32,0.09169054441260745,558110,22746,284,151,5.164596676826477,51.600839734077454,9112,23538,81728,37,10180,74591,92572,39,12337,35226,102161,31,19578,54094,216661,83,30889,121438,174404,120,7430,15144,67858,27,5906,13189,43295,20,3891,3183,42432,10,21,38,6,2,27,0,160,13,9,1,0,6,1,29,8,59,0,0,2,0,0,3,50,0,135,38,43,67,0,15,21,0,0,33
django__django-15973,django/django,0,740,358,374,8,477701,1334.3603351955308,9354,931963,2491.879679144385,30615,59546,100421,363791,0.276040363835279,350,17,8,0,7,63,323,22,0.06376811594202898,580237,18179,291,59,4.577672958374023,43.895035886764525,25367,74913,164062,95,23099,115195,150815,83,9370,27609,169833,27,18909,48792,165903,64,8523,38963,93902,33,5675,30646,71746,24,6365,23490,62855,21,3113,4183,52847,11,17,0,1,3,219,0,7,41,1,0,0,0,2,17,8,32,0,0,1,0,0,1,0,0,144,12,43,32,0,3,50,0,0,66
django__django-15987,django/django,1,450,213,229,8,293069,1375.9107981220657,13020,636624,2780.0174672489084,30614,59546,68031,217060,0.3134202524647563,205,14,8,0,7,19,194,10,0.049019607843137254,372267,19414,32,88,5.1233073472976685,37.752949428558345,8723,39257,72528,31,10441,46211,96415,33,9812,24775,98119,25,10095,41805,139581,34,8594,25885,76895,31,6226,18397,61985,24,10485,16333,47841,25,3655,4397,43260,10,6,0,6,2,0,0,0,6,0,0,0,12,0,40,8,11,0,1,3,0,0,0,25,0,79,12,17,58,0,7,14,0,0,18
django__django-16032,django/django,1,652,314,330,8,328174,1045.1401273885351,6934,719719,2180.9666666666667,30616,59546,91686,224823,0.4078141471290749,302,16,8,0,7,32,287,10,0.03367003367003367,462264,21659,46,111,5.0199596881866455,36.71459517478939,14305,44080,75985,56,12608,40936,67942,34,13116,19403,134368,40,17966,21680,162594,62,16446,42670,108156,62,8467,29397,61444,29,5318,23180,65337,22,3460,3477,43893,9,10,6,2,4,5,0,11,5,0,0,0,3,0,33,8,60,0,2,7,0,0,0,1,0,105,29,53,51,0,1,29,0,0,34
django__django-16082,django/django,1,544,260,276,8,308679,1187.2269230769232,8069,669212,2424.68115942029,30615,59546,74357,224557,0.33112750882849346,252,14,8,0,7,37,236,11,0.044534412955465584,361862,11226,65,88,4.489560127258301,30.671231269836422,13446,28923,106388,58,9063,41196,48743,30,6439,29561,120187,22,15386,46891,167433,55,8884,24781,79193,39,10808,24320,58765,26,6824,25210,46209,20,3507,3675,42294,10,9,0,11,7,28,0,0,0,0,0,0,9,1,41,12,30,0,0,5,0,0,0,0,0,105,11,43,29,0,6,30,0,0,28
django__django-16100,django/django,1,590,283,299,8,347451,1227.7420494699647,7760,712248,2382.1003344481605,30613,59546,81032,255779,0.3168047415933286,274,16,8,0,7,40,261,10,0.03690036900369004,492606,14541,113,93,4.682766675949097,42.01483947038649,15437,78795,103597,64,9704,41303,70394,32,9796,27205,108910,28,15772,39088,112912,59,10456,21645,122019,40,8658,24453,77734,25,8304,19364,72879,25,2905,3926,43803,10,32,10,4,7,5,0,0,49,0,0,0,5,1,19,9,38,0,1,3,0,0,0,23,0,111,19,41,33,0,2,32,0,0,36
django__django-16116,django/django,1,684,330,346,8,426768,1293.2363636363636,8807,875986,2531.751445086705,30613,59546,86455,327889,0.2636715473834133,321,18,8,0,7,51,285,32,0.10094637223974763,559508,22254,127,105,4.831863880157471,34.017303562164294,14319,77451,162911,80,16233,107723,136348,67,10171,22408,95306,31,13774,55808,127416,54,9060,20142,113948,31,7151,21377,94226,23,12642,17834,94768,32,3105,5146,51063,12,45,12,6,9,1,0,0,31,4,0,0,15,4,27,10,64,0,0,2,0,0,0,2,0,157,22,41,30,0,3,41,0,0,27
django__django-16136,django/django,1,444,210,226,8,273042,1300.2,10152,631738,2795.3008849557523,30613,59546,66861,198318,0.3371403503464133,202,16,8,0,7,37,192,4,0.02040816326530612,346021,22532,135,82,4.439777851104736,29.399624013900752,11749,31695,94331,31,5813,40653,58214,24,6637,16298,102381,23,13594,39996,140915,49,8079,25676,70315,24,10026,15583,59682,24,7992,24649,64406,25,2971,3768,41494,10,16,0,0,1,6,0,104,2,0,1,0,5,0,38,10,20,0,0,2,0,0,0,12,0,109,11,19,29,0,6,14,0,0,14
django__django-16139,django/django,1,610,293,309,8,360566,1230.6006825938566,6432,708187,2291.8673139158577,29472,59546,87184,262361,0.3323054874771784,284,17,8,0,7,47,268,11,0.03942652329749104,515852,29428,60,111,4.690515398979187,32.41933518648146,13976,49046,126828,64,12236,33314,64480,37,6762,33664,111617,24,27333,69254,154756,89,6655,24797,71813,24,8689,32390,79583,23,7777,16758,56750,19,3756,3138,42360,13,23,10,4,1,0,0,0,11,0,0,0,10,1,41,8,40,0,0,18,0,0,2,1,1,129,10,34,55,0,6,6,0,0,44
django__django-16145,django/django,1,458,217,233,8,259616,1196.3870967741937,10212,635253,2726.4077253218884,30613,59546,70132,181355,0.3867111466460809,209,18,8,0,7,23,201,5,0.024271844660194174,422605,23198,97,84,4.495239734649658,44.583212196826935,7734,16778,62092,31,7129,33481,50123,22,14487,28623,138575,28,14773,43494,124498,50,9820,25486,77030,32,6231,13252,72663,22,6655,15545,64321,22,3303,4696,45951,10,8,1,4,4,2,0,18,50,5,0,0,4,1,45,13,23,0,2,1,0,0,0,0,0,100,17,21,40,0,4,18,0,0,9
django__django-16255,django/django,1,468,222,238,8,281031,1265.9054054054054,12329,700680,2944.0336134453783,27823,59546,66100,206611,0.3199248829926771,214,16,8,0,7,23,205,6,0.02843601895734597,501566,27779,1073,83,4.7339417934417725,38.36229968070984,7571,17845,85131,25,8463,54567,91841,32,8693,23288,79675,20,14507,42620,140259,57,8693,26223,98204,31,6950,18697,72764,23,6747,19583,69825,22,4476,3788,62981,12,13,2,2,2,2,0,493,554,0,0,0,5,0,39,8,25,0,7,1,0,0,0,3,0,111,17,12,29,0,7,22,0,0,16
django__django-16256,django/django,0,1272,609,645,18,930009,1527.1083743842364,12299,1766071,2738.094573643411,30616,136444,183718,723544,0.2539140674236812,583,20,15,3,17,89,538,31,0.054481546572934976,1231163,26000,194,232,4.600152611732483,52.30850096940994,17006,119064,129928,63,10099,59303,63148,26,7599,25726,125707,23,17028,58469,172864,77,45387,153539,457055,168,73861,274013,713675,217,9809,29235,65557,25,2929,4195,38137,10,54,52,2,10,21,0,12,22,7,5,0,9,0,49,18,118,0,0,19,0,0,1,27,0,292,36,47,73,0,26,62,0,0,47
django__django-16263,django/django,0,870,423,439,8,520181,1229.74231678487,10197,933966,2127.485193621868,30614,59546,118828,385434,0.3082966214708614,413,15,8,0,7,48,387,23,0.05609756097560976,660991,15419,38,102,4.8459635972976685,40.76393435001373,14573,54081,72214,57,15288,85974,75028,57,16143,38710,158817,58,18798,48555,176860,79,32905,94198,179581,114,7536,37960,105174,24,10300,21762,111754,24,3285,4194,54538,10,15,1,3,4,0,0,6,5,0,0,0,3,1,38,9,51,0,2,0,0,0,1,1,0,119,16,86,59,0,4,67,0,0,62
django__django-16315,django/django,1,518,247,263,8,360763,1460.578947368421,13858,626030,2380.342205323194,30614,59546,73599,277894,0.2648455886057274,239,13,8,0,7,34,220,15,0.06382978723404255,367739,15991,43,61,4.669192790985107,42.22528809309006,12491,39124,70807,52,12424,85552,70928,46,10329,25107,121355,27,10882,37831,103543,39,6524,28728,74099,26,10611,37227,72524,23,6417,20709,60311,22,3921,3616,52463,12,8,6,1,10,0,0,0,18,0,0,0,0,0,36,11,10,0,0,2,0,0,1,0,1,107,10,30,35,0,3,19,0,0,35
django__django-16333,django/django,1,649,311,329,9,397226,1277.2540192926044,6764,843539,2563.9483282674773,30616,67000,100088,285488,0.35058566384576584,301,16,9,0,8,45,263,29,0.09931506849315068,480231,16600,113,124,5.034584999084473,31.094781458377838,12139,48275,86332,41,16182,50896,101292,38,9331,20551,113014,26,10484,33620,153927,38,19076,72826,113270,63,22276,41584,172754,68,6854,13342,49852,23,3746,4394,53098,14,50,9,2,7,7,0,2,15,0,0,0,21,0,41,9,60,0,1,3,0,0,0,10,0,162,9,34,41,0,7,32,0,0,16
django__django-16429,django/django,1,406,191,207,8,231071,1209.7958115183246,5611,545352,2634.550724637681,29106,59546,58475,165453,0.3534236308800687,183,15,8,0,7,23,174,8,0.04395604395604396,368490,29062,220,57,6.251236319541931,33.11545867919921,6934,18446,70281,26,7019,30419,51052,22,5071,17072,75501,16,12976,30577,108745,40,9325,37112,99801,32,7360,16229,62408,24,6738,12140,49458,22,3052,3458,28106,9,7,2,2,3,0,1,194,10,0,0,0,1,0,24,8,16,0,2,3,0,0,4,0,0,85,9,7,51,0,1,15,0,0,15
django__django-16454,django/django,0,711,342,360,9,414743,1212.6988304093568,11422,973181,2703.2805555555556,30615,67000,101518,300364,0.33798324699364773,333,16,9,0,7,44,309,13,0.040372670807453416,648073,23821,162,133,4.90459942817688,30.675374269485474,14332,53903,107116,50,12075,81395,66794,40,13273,30389,215998,47,16290,34114,163624,56,16534,47817,149477,61,18990,32967,153472,54,6782,15415,76858,24,3242,4364,39842,10,19,2,7,5,41,0,82,0,2,0,0,3,1,20,9,51,0,1,5,0,0,1,46,0,171,24,30,63,0,8,17,0,0,20
django__django-16485,django/django,1,428,202,218,8,249569,1235.490099009901,6329,575699,2640.821100917431,30613,59546,58592,183417,0.31944694330405576,194,14,8,0,7,33,184,6,0.031578947368421054,309260,12684,215,68,5.111642599105835,32.683228731155396,5100,22140,43783,23,5566,21854,51206,23,7318,18236,114353,25,12101,38312,139068,44,8265,26740,76624,29,9737,25898,60978,25,6753,26531,45217,22,3752,3706,44470,11,6,0,2,2,0,0,5,199,0,0,0,1,0,28,11,18,0,3,4,0,0,0,4,0,100,12,14,34,0,6,14,0,0,14
django__django-16493,django/django,1,512,244,260,8,280327,1148.8811475409836,7105,731922,2815.0846153846155,30615,59546,65588,205582,0.3190357132433773,236,16,8,0,7,19,219,12,0.05194805194805195,480253,28045,63,72,4.74610710144043,27.712105965614317,8478,29723,108143,33,8884,39698,59508,28,7089,24191,127047,29,12235,30776,194370,43,11902,34415,85876,50,7074,22595,66773,26,7218,19565,45506,24,2708,4619,44699,11,11,8,9,12,1,0,15,1,0,0,0,5,1,17,9,36,0,5,3,0,0,1,1,0,99,13,24,59,0,9,13,0,0,19
django__django-16502,django/django,0,498,237,253,8,297927,1257.0759493670887,8125,678782,2682.9328063241105,30613,59546,70087,218949,0.32010650882168906,229,16,8,0,7,29,220,7,0.030837004405286344,456000,21551,67,71,4.5888283252716064,36.623625457286835,12174,34944,130931,53,8733,35653,63226,29,10356,19833,123257,30,9727,35508,107405,38,7906,24398,84463,28,8854,44241,63936,24,7775,19627,57722,25,4562,4745,47842,10,8,9,5,2,17,0,13,12,1,0,0,0,0,26,8,25,0,1,6,0,0,1,3,1,107,19,24,50,0,7,12,0,0,10
django__django-16527,django/django,1,670,323,339,8,413496,1280.173374613003,9596,650978,1920.2890855457226,23311,59546,89634,311700,0.2875649663137632,314,18,8,0,7,43,284,27,0.08681672025723473,457672,15899,96,125,4.270265102386475,39.56904463768003,17842,94579,95308,75,17675,86752,85228,67,11248,29150,93752,39,14061,26682,129409,55,8473,17464,70221,29,7643,17168,58071,23,9242,35478,63097,24,3450,4427,55892,11,41,15,9,8,4,0,0,0,2,0,0,16,1,16,8,62,0,0,2,0,0,0,37,0,147,18,40,23,0,6,43,0,0,37
django__django-16560,django/django,0,588,282,298,8,412824,1463.9148936170213,15454,922501,3095.6409395973155,30613,59546,82781,319442,0.259142504742645,274,17,8,0,7,31,244,22,0.08270676691729323,652833,29477,195,74,4.494058609008789,40.40310454368591,8984,65732,123412,46,7369,51995,84835,29,14693,50078,149536,34,13607,28873,169548,45,18479,61992,177160,69,7762,35370,80454,23,8151,19266,73201,24,3736,6136,64355,12,22,1,2,6,37,0,39,82,0,0,1,4,1,22,11,39,0,0,0,0,0,1,1,0,127,12,14,46,0,9,25,0,0,41
django__django-16569,django/django,1,488,232,248,8,284905,1228.0387931034484,10026,568902,2293.9596774193546,30613,59546,71332,204890,0.34814778661720924,222,16,9,0,7,22,206,14,0.06363636363636363,317511,17337,261,68,4.699718475341797,36.88239598274231,7458,13698,31324,28,9129,38203,45888,24,5739,19177,74695,18,19124,34655,166228,73,8259,36512,72448,28,9030,18626,65963,24,8204,40655,55037,23,4389,3364,57319,14,7,1,2,3,7,0,237,0,0,0,0,3,1,20,9,25,0,4,3,0,0,1,6,0,101,17,28,38,0,2,17,0,0,19
django__django-16595,django/django,1,482,229,245,8,270584,1181.5895196506551,12280,773772,3158.25306122449,30614,59546,69006,192992,0.35755886254352515,221,17,8,0,7,26,207,6,0.028169014084507043,425130,18132,36,65,4.7988831996917725,35.85701134204861,10341,31712,135402,42,8177,32674,59989,31,10027,23127,109896,27,13982,30718,200869,42,6932,28811,99849,27,8653,27696,86916,27,6726,15005,50405,21,4168,3249,30446,12,2,2,6,1,0,0,5,12,0,0,0,8,0,20,8,29,0,0,6,0,0,2,0,0,94,20,28,33,0,8,18,0,0,20
django__django-16612,django/django,1,618,297,313,8,307632,1035.79797979798,8527,745099,2380.5079872204474,30614,59546,80245,216217,0.37113177964729877,289,18,8,0,7,35,277,10,0.03484320557491289,469950,15443,110,93,5.859115123748779,33.24675095081329,8376,30374,115473,44,17218,60453,101318,62,9585,20568,111146,32,16778,50216,163667,66,7758,18234,76660,29,7978,15677,62884,23,9149,16922,65662,29,3403,3773,48289,12,51,20,9,8,5,0,0,2,6,0,0,8,1,17,8,58,0,5,2,0,0,1,2,0,138,18,40,26,0,8,30,0,0,29
django__django-16631,django/django,0,1089,522,552,15,653545,1252.0019157088122,12064,1609139,2915.106884057971,30616,114082,160105,473862,0.33787262958414055,506,14,13,2,14,28,468,23,0.04684317718940937,1067399,22853,130,186,4.981420993804932,35.30952477455139,10021,44432,93500,37,9579,76291,107618,37,10265,21561,112357,34,16772,33623,144794,65,50587,157977,506219,164,47534,121695,534426,145,9034,13912,54614,23,6313,4371,55611,17,20,47,3,5,14,1,4,21,6,1,2,6,0,43,16,101,0,1,22,1,0,0,2,0,206,22,41,137,0,25,31,0,0,44
django__django-16642,django/django,1,436,206,222,8,288720,1401.5533980582525,9956,619850,2792.1171171171172,30615,59546,65071,215937,0.30134252119831245,198,15,8,0,7,29,184,11,0.05641025641025641,351453,22615,37,82,5.368510484695435,35.30274758338928,6703,20214,52373,28,10823,54280,57438,29,8426,20432,112719,22,12265,34897,153788,44,8389,28943,72054,30,7746,21667,91447,23,7897,31821,49481,21,2822,3683,30550,9,9,0,2,6,2,0,2,13,0,0,2,1,0,41,8,28,0,0,0,0,0,1,3,1,83,10,23,48,0,2,17,0,0,15
django__django-16661,django/django,1,1018,495,514,9,431896,872.5171717171717,9674,895410,1742.0428015564203,30613,67786,123511,290065,0.425804561046662,476,15,8,0,8,35,404,63,0.1349036402569593,591536,15422,87,127,4.494400382041931,36.94705923795699,13436,44481,86105,58,7082,43574,48209,28,10885,40622,108436,32,13028,36309,156448,61,60623,93765,351687,260,6217,14354,58685,23,9322,13982,46888,23,2918,2978,38952,10,31,13,8,11,5,0,0,2,0,2,0,15,0,27,9,85,0,2,3,0,0,1,0,0,130,22,67,58,0,64,51,0,0,84
django__django-16662,django/django,1,663,315,337,11,360561,1144.6380952380953,15762,850559,2523.913946587537,30612,82694,96971,251824,0.38507449647372766,302,15,10,1,9,29,278,15,0.051194539249146756,520731,15304,62,125,4.233136773109436,27.963225245475737,10874,31206,93186,45,7423,51729,63774,28,5533,24290,78920,17,19837,31831,113327,56,18017,46207,161459,63,25619,50477,248319,76,7231,13427,64353,22,2437,2657,27221,8,6,28,7,3,1,0,0,14,0,0,0,3,0,46,13,56,0,4,5,0,0,0,1,0,145,17,29,65,0,9,11,0,0,26
django__django-16667,django/django,0,454,215,231,8,268390,1248.3255813953488,10434,650105,2814.307359307359,30615,59546,63600,196736,0.3232758620689655,207,16,8,0,7,22,197,6,0.029556650246305417,300165,14483,370,70,5.287273049354553,39.93931138515471,6915,30263,53840,35,6935,38694,76107,26,5802,18064,85603,20,15840,35600,200691,48,7754,27806,77704,29,8731,19246,63011,23,7948,21112,56328,24,3675,5951,36821,10,20,2,2,2,0,0,0,343,0,0,0,1,0,24,11,32,0,1,0,0,0,0,2,0,95,12,14,37,0,8,25,0,0,16
django__django-16801,django/django,1,480,228,244,8,295236,1294.8947368421052,8246,670635,2748.504098360656,28968,59546,64456,222228,0.29004445884407004,220,15,8,0,7,32,211,6,0.027649769585253458,483477,28924,35,73,4.559393882751465,37.95768957138061,7753,34083,83890,31,9764,50815,51784,31,5953,22567,122263,20,16391,39348,173918,58,7571,34488,82222,33,7011,22631,70321,24,7407,15372,55016,22,2606,2924,31221,9,8,4,3,2,6,0,1,8,0,0,0,3,0,20,8,38,0,0,2,0,0,1,4,0,114,14,19,33,0,6,25,0,0,9
django__django-16819,django/django,1,520,248,264,8,313783,1265.2540322580646,8927,777413,2944.746212121212,30614,59546,71460,233014,0.3066768520346417,240,17,8,0,7,28,225,6,0.025974025974025976,432273,12958,83,61,4.926172733306885,37.83281664848327,12882,45231,155519,49,8084,37946,96158,28,10137,28041,118710,30,12842,26623,117632,33,9856,34511,111995,47,6096,38757,72692,23,6773,18123,56886,23,4790,3782,47821,15,19,14,2,6,4,0,8,26,0,0,0,4,0,20,9,30,0,1,1,0,0,0,0,0,96,19,32,40,0,8,15,0,0,30
django__django-16877,django/django,0,464,220,236,8,263321,1196.9136363636364,10896,531007,2250.0296610169494,30614,59546,66440,188659,0.3521697878182329,212,16,8,0,7,24,194,9,0.04433497536945813,310878,9337,144,59,4.5243754386901855,37.06757254600523,7637,29746,52436,31,7288,53387,64643,29,6330,16496,95265,23,13008,31879,102378,43,11500,22771,73922,40,7853,15626,54393,21,7878,14333,45883,20,4946,4421,42087,13,17,1,1,6,6,0,5,4,2,99,0,2,1,24,10,23,0,0,0,0,0,0,0,2,108,9,21,27,0,4,18,0,0,25
django__django-16899,django/django,1,532,254,270,8,284177,1118.8070866141732,7972,681102,2522.6,30613,59546,72920,201719,0.36149296794055097,246,16,8,0,7,25,227,11,0.046218487394957986,457914,19286,27,82,4.449419736862183,36.19506359100341,12863,27983,82349,52,10553,55971,55505,29,7094,23445,96036,24,12015,39175,164206,47,10115,15949,96169,40,9723,22172,81071,28,7021,13655,66440,23,3536,3369,39326,11,9,2,4,3,3,0,1,0,0,1,0,4,0,23,9,34,0,3,2,0,0,1,8,2,102,12,26,48,0,10,19,0,0,29
django__django-16901,django/django,1,508,242,258,8,307598,1271.0661157024792,6574,569772,2208.4186046511627,30616,59546,79147,219372,0.36078897945043126,234,16,8,0,7,42,218,11,0.048034934497816595,318902,12939,19,93,4.775229454040527,31.662200689315796,9280,24913,67798,29,7750,40680,45138,28,11898,31171,95101,26,23763,34277,155222,73,8271,26264,65065,29,6916,24457,59357,24,8320,34398,50890,24,2949,3212,31201,9,6,1,4,4,0,0,2,0,0,0,0,2,0,38,12,42,0,1,0,0,0,0,0,0,115,10,17,18,0,8,42,0,0,24
django__django-16938,django/django,1,1316,638,665,13,731442,1146.460815047022,9313,1569381,2359.9714285714285,30616,97170,178965,528478,0.3386422897452685,623,18,11,1,12,72,528,67,0.11260504201680673,1016596,21051,147,263,4.66265606880188,31.345689773559556,42465,161376,222065,151,14457,59151,101524,58,12934,28904,213060,49,16141,32290,160150,68,43985,121487,301213,164,38309,98558,428694,116,7247,20942,98141,22,3427,5770,44534,10,52,0,12,10,13,2,8,22,16,0,0,12,0,27,15,133,0,2,13,0,0,0,0,73,261,35,75,101,0,24,66,0,0,61
django__django-16950,django/django,1,781,374,396,11,458549,1226.066844919786,13454,1059863,2676.4217171717173,30614,82694,114730,329849,0.34782582333128187,361,17,10,1,9,45,335,18,0.05099150141643059,722319,21867,82,161,4.983033895492554,38.91205549240111,14249,65425,111772,60,7639,51939,70462,30,10329,21158,141678,32,17884,41074,173741,59,26666,60402,229696,92,28374,69369,245608,73,6550,17992,57831,19,3039,2490,29075,9,12,53,2,3,2,1,1,7,0,0,0,1,0,35,14,67,0,0,16,0,0,1,28,0,166,15,36,58,0,12,26,0,0,48
django__django-17029,django/django,1,468,222,238,8,253429,1141.5720720720722,6963,540435,2270.735294117647,30614,59546,64413,180697,0.3564696702214204,214,15,8,0,7,34,199,11,0.05238095238095238,300180,17639,31,45,4.967722177505493,33.309526681900024,6492,13551,55578,27,9664,22669,41742,28,5768,12493,88340,20,15616,27426,139520,55,7939,23138,67781,32,7759,38101,55192,25,7628,39591,51910,24,3547,3728,40372,11,9,2,3,4,2,0,0,3,1,0,0,6,1,17,8,18,0,0,0,0,0,0,2,0,108,12,26,22,0,2,28,0,0,16
django__django-17084,django/django,1,725,349,367,9,506079,1450.083094555874,17328,881041,2400.6566757493188,30616,67000,103764,389242,0.26657965995447563,339,18,9,0,8,41,315,12,0.03669724770642202,624225,16802,71,103,4.07670533657074,37.89517365694042,16708,35264,115737,59,8470,101013,91842,38,10858,34011,153989,31,14738,70222,127299,67,20522,55004,119740,54,21578,73186,181126,65,7372,16542,56074,24,3518,4000,35234,11,15,11,5,1,8,0,14,15,0,0,0,2,0,30,10,47,0,0,12,0,0,3,1,0,135,18,50,51,0,9,27,0,0,49
django__django-17087,django/django,1,607,290,308,9,422732,1457.6965517241379,9914,760371,2468.737012987013,30615,67000,93406,318442,0.2933218608098178,278,15,9,0,7,50,252,10,0.03816793893129771,435595,18024,50,94,5.524140119552612,34.656668758392335,10162,42099,57409,35,10202,42451,55593,39,8037,29618,148411,23,21024,47953,140509,62,12137,26284,102852,46,22408,97716,182363,58,6917,28698,45287,19,2519,3623,27947,8,8,5,3,7,0,0,0,26,0,0,0,1,0,44,14,28,0,2,5,0,0,0,1,0,137,17,29,32,0,9,22,0,0,32
django__django-9296,django/django,1,538,254,274,10,314230,1237.1259842519685,8470,708067,2584.1861313868612,30615,75240,81289,223472,0.36375474332354835,243,16,9,1,9,30,229,5,0.021367521367521368,446096,17772,200,132,5.097967863082886,33.92011947631833,5847,13365,47123,20,7856,24287,70141,26,10171,24390,89917,22,10406,45026,135555,43,18897,51993,143215,61,15809,36924,137998,51,9669,24408,51488,22,2634,3079,32630,9,10,5,6,4,17,0,142,11,2,0,0,2,1,59,11,43,0,6,9,0,0,2,2,0,117,12,15,65,0,10,13,0,0,11
matplotlib__matplotlib-13989,matplotlib/matplotlib,1,529,251,269,9,300825,1198.5059760956176,7776,648913,2412.3159851301116,30613,67000,79756,211661,0.376810087829123,242,14,9,0,8,32,222,9,0.03896103896103896,363388,11342,27,90,5.456508040428162,37.529739141464226,8558,24265,74090,30,6232,28579,47368,25,6409,23226,88330,22,17695,35071,143116,56,10910,34975,81812,32,22474,43254,131374,61,4671,18024,41342,15,2807,4267,41481,10,4,2,6,0,1,0,8,6,0,0,0,0,0,22,9,40,0,0,13,0,0,4,2,0,98,11,21,48,0,9,13,0,0,42
matplotlib__matplotlib-14623,matplotlib/matplotlib,1,526,251,267,8,271078,1079.9920318725099,6552,611915,2291.816479400749,30615,59546,71185,190509,0.3736568876011107,242,14,8,0,7,32,236,5,0.02074688796680498,363747,11881,32,62,5.068883538246155,32.70482388734815,9078,23500,64032,39,11226,43426,54795,43,8985,22292,124793,32,16893,32440,142503,54,7372,19884,74831,27,7714,17299,71099,24,7115,29090,40493,23,2802,2578,39369,9,4,0,11,0,1,0,4,9,1,0,0,2,0,22,8,23,0,0,6,0,0,1,0,2,103,10,33,32,0,7,19,0,0,38
matplotlib__matplotlib-20488,matplotlib/matplotlib,1,886,428,448,10,429230,1002.873831775701,9067,979442,2186.254464285714,30615,75240,113059,300074,0.37677039663549655,416,18,9,2,9,45,383,28,0.0681265206812652,635165,22563,244,155,5.582520484924316,29.698249220848083,8818,28511,61042,35,7980,74938,63878,31,14635,42763,171903,56,25448,35627,210984,102,34450,73010,221074,130,13505,29394,151581,48,5554,12099,63281,18,2669,3732,35699,8,16,0,0,0,0,0,3,210,0,0,0,13,2,20,12,112,0,0,6,0,0,4,0,1,160,22,35,88,0,8,35,0,0,68
matplotlib__matplotlib-20676,matplotlib/matplotlib,0,838,395,427,16,451475,1142.9746835443038,8982,1116638,2615.0772833723654,30614,122322,126124,310576,0.40609705836896604,379,15,12,4,15,43,354,13,0.035422343324250684,635050,20636,76,143,5.235703468322754,35.799331414699544,8745,12573,54054,29,7125,34826,47620,31,8217,24443,132758,26,14073,35621,109307,43,37593,89247,337682,129,38208,78175,323967,104,7985,31377,58471,23,4178,4314,52779,10,20,29,0,0,0,0,0,27,0,0,0,0,0,51,20,56,0,0,12,0,0,4,0,0,189,20,21,79,0,17,10,0,0,43
matplotlib__matplotlib-20826,matplotlib/matplotlib,1,588,282,298,8,346634,1229.1985815602836,13704,715437,2400.7953020134228,30615,59546,79639,256394,0.3106117927876627,273,14,8,0,7,33,266,5,0.01845018450184502,476436,16706,26,128,4.947754859924316,43.09242010116577,16153,29537,82123,54,13006,80731,86356,54,9965,27553,130116,36,17746,49844,125776,56,6686,28681,100712,29,5933,17946,72245,23,7917,17503,71910,22,2233,4599,46199,8,1,2,0,0,7,0,4,9,1,0,0,2,0,32,8,24,0,2,2,0,0,2,58,0,103,22,48,34,0,2,34,0,0,30
matplotlib__matplotlib-20859,matplotlib/matplotlib,1,530,253,269,8,266144,1051.9525691699605,7514,539413,2005.2527881040892,30615,59546,76826,179858,0.42714808348808503,244,17,8,0,7,27,228,13,0.05394190871369295,275142,13285,167,80,5.108207583427429,32.12139583826064,9196,12339,28051,31,8928,23586,37965,34,8703,18996,92539,31,12704,35982,119678,43,18484,49340,97141,56,7026,20202,70894,22,7928,16019,55444,23,3857,3394,37701,13,11,2,0,0,2,0,146,0,3,0,0,1,2,16,8,35,0,0,12,0,0,2,7,0,110,11,32,51,0,7,14,0,0,19
matplotlib__matplotlib-21568,matplotlib/matplotlib,0,500,238,254,8,318850,1339.7058823529412,7237,723599,2848.814960629921,30615,59546,67363,242559,0.2777179985075796,230,15,8,0,7,28,214,15,0.06550218340611354,477051,20436,60,64,5.274115085601807,36.25668888092041,8547,31899,91564,38,11073,60869,87230,39,8268,19532,112896,31,12982,25932,148786,43,7682,33310,75556,30,6770,33855,64385,21,7413,33327,97012,26,4628,3835,46170,10,15,38,0,0,1,0,1,4,0,0,0,1,0,25,8,20,0,0,0,0,0,1,9,1,81,16,16,61,0,5,27,0,0,24
matplotlib__matplotlib-22719,matplotlib/matplotlib,1,390,183,199,8,265281,1449.622950819672,11558,651731,3275.030150753769,32994,59546,56147,202296,0.27754874045952466,175,15,8,0,7,24,169,0,0.0,356328,14046,100,55,4.976571083068848,38.82992700338362,7072,26353,71398,29,6873,41794,69298,23,7299,20101,104263,21,9029,30711,114472,30,8668,31053,94304,29,7474,17566,75987,22,6052,31137,69894,20,3680,3581,52115,9,40,0,0,0,1,2,46,11,0,0,0,0,0,27,10,13,0,2,1,0,0,1,1,0,90,10,8,41,0,1,9,0,0,16
matplotlib__matplotlib-22865,matplotlib/matplotlib,0,534,255,271,8,308555,1210.0196078431372,7861,626723,2312.630996309963,30613,59546,71709,227347,0.3154165218806494,245,16,8,0,7,38,218,21,0.08786610878661087,392234,16483,53,51,5.33517599105835,37.08997102975845,7367,23317,54370,29,9575,40767,62732,32,11810,31152,114464,40,9500,23156,97851,43,18134,52696,109558,61,6866,37078,74570,21,5476,14629,59224,19,2981,4552,53954,10,25,23,0,0,0,0,0,5,0,0,0,0,0,17,8,20,0,0,4,0,0,1,1,0,110,11,28,32,0,4,14,0,0,46
matplotlib__matplotlib-22871,matplotlib/matplotlib,0,554,265,281,8,319301,1204.909433962264,12240,742272,2641.537366548043,30613,59546,77911,231510,0.33653405900393074,255,14,9,0,7,47,231,21,0.08333333333333333,489845,11708,101,72,4.888014316558838,37.53708083629608,17913,65633,93420,73,10907,58648,86215,38,6568,17901,100962,21,10934,30517,158390,34,13495,22757,112106,42,7528,13994,83995,23,6175,18834,60007,22,4391,3226,47177,12,0,95,0,0,0,0,1,5,0,0,0,0,0,26,9,23,0,1,3,0,0,1,7,2,109,17,14,34,0,9,43,0,0,29
matplotlib__matplotlib-23299,matplotlib/matplotlib,0,771,372,390,9,369917,994.4005376344086,9334,795155,2038.8589743589744,30615,67000,124407,231542,0.5372977688713063,362,17,9,0,8,43,339,18,0.05042016806722689,470388,16286,150,171,4.883105754852295,29.965080857276917,18583,32332,62211,69,8514,24608,43916,27,15630,31990,153442,36,18819,33191,153503,61,22123,46705,118911,72,25214,44697,158576,70,11667,13920,52876,26,3857,4099,51720,11,27,41,27,0,22,0,1,9,5,0,0,6,12,83,18,50,0,12,5,0,0,2,1,0,129,26,38,61,0,13,29,0,0,66
matplotlib__matplotlib-23314,matplotlib/matplotlib,1,559,266,284,9,290748,1093.0375939849623,5420,714538,2515.978873239437,30616,67000,81078,199692,0.4060152635057989,257,15,9,0,8,42,238,12,0.048,352901,12515,93,117,4.916325807571411,32.55490074157711,8442,32755,56221,33,12074,47661,50840,47,6826,19584,175250,23,13903,24527,121858,38,9765,20268,76005,35,20140,31709,148201,58,6932,19594,44589,22,2996,3594,41574,10,20,26,0,0,8,0,0,24,0,0,0,15,0,61,9,32,0,1,10,0,0,2,0,2,121,12,33,37,0,8,16,0,0,30
matplotlib__matplotlib-23412,matplotlib/matplotlib,1,776,370,394,12,477618,1290.8594594594595,13920,1021408,2592.4060913705584,30615,90934,113365,350368,0.3235597999817335,358,19,10,2,11,26,335,10,0.028985507246376812,617619,20492,23,96,4.939871788024902,37.55031857490537,10246,26399,45448,32,14899,99877,72781,51,6434,20103,119836,23,12205,44289,148555,47,29870,84215,271036,102,26557,50247,235967,79,9524,20474,67985,25,3630,4764,59800,11,6,2,0,0,0,0,1,10,0,1,0,1,2,28,13,38,0,4,9,0,0,1,2,1,130,28,37,84,0,10,22,0,0,47
matplotlib__matplotlib-23476,matplotlib/matplotlib,0,582,279,295,8,304160,1090.179211469534,9187,735369,2492.7762711864407,30616,59546,80117,213557,0.37515511081350644,271,14,8,0,7,38,252,13,0.04905660377358491,438952,16139,42,76,4.639637351036072,31.98749259710311,13046,33049,78135,48,7399,45691,69702,29,8950,21732,133195,26,10734,41572,178967,39,21744,35496,115745,81,6714,19465,63983,23,8163,12668,43575,21,3367,3884,52067,12,14,2,0,1,21,0,0,0,0,0,1,1,2,33,11,25,0,3,3,0,0,1,0,0,108,28,22,50,0,6,9,0,0,48
matplotlib__matplotlib-24026,matplotlib/matplotlib,1,456,216,232,8,255247,1181.6990740740741,6646,532612,2295.7413793103447,30615,59546,60483,186669,0.3240120212783055,208,14,8,0,7,32,195,8,0.03940886699507389,302844,14043,182,66,4.492518901824951,28.885220932960504,10249,22594,41329,36,8065,26198,57140,30,7167,30765,110305,26,10683,27516,92478,43,7587,25035,77690,28,6334,20296,58872,20,6820,30718,49613,23,3578,3547,45185,10,23,0,0,0,2,0,7,147,1,0,0,1,1,16,8,24,0,4,4,0,0,1,6,3,98,13,17,36,0,4,19,0,0,21
matplotlib__matplotlib-24149,matplotlib/matplotlib,1,454,215,231,8,237567,1104.9627906976743,7120,588613,2548.1082251082253,30615,59546,64179,165333,0.3881802181052784,207,13,8,0,7,26,196,4,0.02,258289,10957,495,59,5.258817076683044,37.24453589916229,6012,24251,48183,24,10785,23681,45390,28,8679,18850,147315,26,11269,42774,128285,47,9624,18520,75811,32,7557,18035,58904,25,7859,16042,51780,24,2394,3180,32945,9,15,0,0,0,8,0,234,8,207,0,0,23,0,41,8,7,0,1,0,0,0,1,1,0,86,14,18,41,0,9,13,0,0,26
matplotlib__matplotlib-24177,matplotlib/matplotlib,1,871,419,441,11,477246,1139.0119331742244,8720,1087539,2466.074829931973,30615,82694,128447,333189,0.3855079249314953,404,15,10,1,10,44,378,23,0.057356608478802994,741389,27935,78,118,4.381089568138123,36.86861021518705,12256,45056,84812,50,12654,48706,65401,44,15499,29814,149584,46,15146,54407,175406,57,35731,80160,250291,118,24610,55233,232337,67,8636,16108,73258,24,3915,3705,56450,13,32,25,0,0,3,0,5,11,0,0,0,1,1,26,13,63,0,3,10,0,0,0,3,0,150,19,43,70,0,16,49,0,0,57
matplotlib__matplotlib-24570,matplotlib/matplotlib,1,790,374,402,14,429581,1148.6122994652405,8730,899778,2238.2537313432836,30612,105842,127868,287727,0.44440737226607163,359,16,12,3,13,39,328,14,0.04093567251461988,528600,19196,78,202,5.140176057815552,29.48193125724792,7913,26568,52946,30,10667,47860,58623,37,9733,23292,101659,27,19703,32184,116354,41,30803,93848,201579,103,36071,50005,285811,101,9768,11138,48364,24,3210,2832,34442,11,32,40,0,0,0,0,1,3,0,0,0,2,0,95,17,32,0,3,24,0,0,4,27,0,148,17,27,103,0,14,9,0,0,41
matplotlib__matplotlib-24627,matplotlib/matplotlib,1,590,283,299,8,323114,1141.7455830388692,6330,722731,2417.160535117057,30615,59546,77521,234952,0.3299439885593653,275,14,8,0,7,32,264,10,0.0364963503649635,387491,16795,37,53,4.447780728340149,36.75047495365142,12377,31035,71393,49,11194,68124,70080,39,7982,19609,186726,30,15801,32134,125942,52,12793,25797,80501,54,6296,18851,63777,23,7072,35187,77954,25,4006,4215,46358,11,7,1,0,0,13,0,8,7,0,0,0,1,0,17,8,25,0,0,1,0,0,0,2,0,93,10,43,57,0,4,39,0,0,29
matplotlib__matplotlib-24637,matplotlib/matplotlib,1,852,408,432,12,496255,1216.311274509804,8292,1036613,2399.5671296296296,30615,90934,126837,354167,0.35812766293867015,393,15,12,2,11,43,364,16,0.042105263157894736,650988,23333,56,179,5.3409833908081055,35.06021502017975,8913,27103,36509,30,14411,33992,61701,32,8465,25628,119983,29,16391,35888,151999,55,36528,83754,277035,134,31503,124213,281098,95,6397,19529,66744,20,4229,4060,41544,13,18,20,0,0,0,0,14,1,0,0,0,1,2,65,13,86,0,0,9,0,0,2,0,4,165,15,54,75,0,11,16,0,0,57
matplotlib__matplotlib-24870,matplotlib/matplotlib,0,528,252,268,8,334748,1328.3650793650793,9014,665670,2483.8432835820895,30614,59546,75211,250076,0.30075257121834964,244,14,8,0,7,36,222,15,0.06329113924050633,370280,16302,65,100,5.896825790405273,47.821303606033325,9168,35154,74090,31,12321,67305,68914,46,9445,31504,155236,24,10391,37267,101380,38,17441,41621,100627,59,6132,18317,76876,22,6274,13656,53707,22,4039,5252,34840,10,17,16,0,0,4,0,10,15,0,3,0,0,0,30,9,14,0,3,0,0,0,0,25,19,105,14,21,65,0,8,7,0,0,24
matplotlib__matplotlib-24970,matplotlib/matplotlib,1,444,210,226,8,306250,1458.3333333333333,9924,593591,2626.508849557522,30615,59546,68288,230097,0.29677918443091394,202,15,8,0,7,33,194,4,0.020202020202020204,309507,13748,20,74,5.459588050842285,51.02077779769897,7121,13408,43608,27,8814,32525,58225,30,10009,23881,125479,30,15285,39802,113399,36,8049,51241,78799,31,7816,48003,72495,23,8242,16549,54710,23,2952,4688,46876,10,12,0,0,0,0,0,0,7,0,0,0,1,0,46,9,8,0,4,0,0,0,1,6,0,97,11,15,43,0,5,7,0,0,24
matplotlib__matplotlib-25122,matplotlib/matplotlib,1,1957,923,997,37,1148926,1244.7735644637053,13635,2920897,2929.6860581745236,30614,284358,307059,807434,0.3802899060480485,883,19,26,12,36,75,813,16,0.019300361881785282,1725941,29770,95,444,4.219293117523193,33.297273695468874,7789,25447,67528,27,12256,110309,81654,43,6576,13723,144060,20,11723,41952,190551,43,105132,269827,965384,337,155040,332935,1396463,424,5694,9652,43739,19,2849,3589,31518,10,15,18,0,3,3,0,2,53,0,0,0,0,1,107,42,154,0,3,52,0,0,8,78,0,447,52,11,224,0,44,21,1,0,83
matplotlib__matplotlib-25287,matplotlib/matplotlib,1,438,207,223,8,260640,1259.1304347826087,10884,491876,2205.7219730941706,30615,59546,69307,183582,0.3775261191184321,199,15,8,0,7,31,196,2,0.010101010101010102,272442,11402,17,128,4.1815409660339355,30.76213699579239,7872,16929,32850,29,13067,33407,59821,28,6424,16146,92585,25,17234,34113,99455,42,8655,22665,68387,32,7443,33916,50741,21,5887,22670,48622,21,2725,3736,39415,9,0,17,0,0,0,0,0,0,0,0,0,0,0,51,8,12,0,1,4,0,0,2,0,50,90,11,18,31,0,4,11,0,0,34
matplotlib__matplotlib-25311,matplotlib/matplotlib,1,1015,492,513,10,537749,1092.9857723577236,8979,1102749,2149.6081871345027,30615,74454,158120,361517,0.43737915506048125,471,18,9,0,8,46,428,27,0.05934065934065934,647393,17422,160,174,6.064713001251221,35.048988461494446,9638,31308,46455,38,10572,72779,71979,43,9300,23145,113060,29,11108,31938,139810,39,42595,86023,221422,138,62931,86893,390393,172,8557,25439,85827,24,3419,3992,33803,9,5,0,6,0,19,0,129,0,0,0,0,1,0,30,13,101,0,2,10,0,0,0,13,5,147,19,68,126,0,32,53,0,0,26
matplotlib__matplotlib-25332,matplotlib/matplotlib,1,701,337,355,9,433700,1286.9436201780416,9966,844610,2379.1830985915494,30615,67000,101715,319428,0.3184285660618355,323,17,10,0,8,40,306,10,0.03164556962025317,556426,19799,203,164,5.260261178016663,40.72883069515228,7506,22003,70960,29,9679,67902,66449,35,9810,39409,94193,23,14437,42659,133037,56,27941,74561,150481,99,22808,49228,204936,62,6883,19329,71214,23,2651,4337,53340,10,6,0,3,0,3,0,184,1,1,0,0,1,4,44,14,57,0,4,2,0,0,4,15,24,125,12,31,88,0,16,19,0,0,32
matplotlib__matplotlib-25479,matplotlib/matplotlib,0,564,270,286,8,300067,1111.3592592592593,7808,642251,2245.632867132867,30615,59546,74982,214937,0.3488557112084006,262,16,8,0,7,31,249,10,0.03861003861003861,358448,13994,160,126,4.384827375411987,30.74110107421875,7906,17131,71930,31,10414,45042,81120,39,10452,34262,143630,41,13841,30372,90250,58,13820,35249,92567,47,6413,29089,62001,22,8752,19044,53804,22,3384,4748,46949,10,15,22,0,1,2,0,12,80,27,0,0,1,0,41,8,37,0,2,1,0,0,1,1,35,88,12,39,59,0,3,20,0,0,41
matplotlib__matplotlib-25775,matplotlib/matplotlib,0,696,336,352,8,377703,1124.1160714285713,10805,765099,2173.5767045454545,23536,59546,94359,270692,0.34858436895068934,328,15,8,0,7,36,318,5,0.015479876160990712,563751,22856,117,148,4.995673179626465,40.92129328250886,11496,46727,48705,44,11113,65565,56404,39,18367,33327,124842,63,12000,28544,145069,48,20178,46524,146157,79,10507,26944,101625,30,7075,19111,78889,21,3623,3950,63408,12,2,6,0,0,79,0,14,13,0,0,0,1,2,20,9,50,0,0,1,0,0,1,40,27,103,9,47,51,0,11,30,0,0,77
matplotlib__matplotlib-25960,matplotlib/matplotlib,1,619,296,314,9,354475,1197.5506756756756,15372,706591,2250.2898089171977,30615,67000,91071,252323,0.3609302362448132,286,15,9,0,8,34,270,15,0.05263157894736842,439978,14977,39,131,5.1526899337768555,53.71566545963287,9873,25486,62747,39,6861,48131,53480,26,8297,22095,94321,27,16881,45542,163389,61,18182,60904,128577,59,20653,31849,133271,52,6540,15133,30786,20,3784,3183,40020,12,4,17,0,0,2,0,8,5,0,0,0,1,2,44,11,42,0,2,11,0,0,1,20,0,106,15,29,74,0,6,18,0,0,38
matplotlib__matplotlib-26113,matplotlib/matplotlib,1,458,217,233,8,273782,1261.668202764977,11868,478061,2051.763948497854,32242,59546,63669,201981,0.31522271896861587,209,17,8,0,7,30,199,4,0.019704433497536946,229367,18221,13,83,5.474588990211487,37.315854370594025,5677,14366,36849,24,10340,73369,55415,40,9738,16654,81560,27,13447,32700,94899,45,7656,20727,63429,25,6546,28349,59476,25,7025,12157,49751,21,3240,3659,36682,10,4,0,0,0,0,0,0,6,0,0,0,1,2,37,8,26,0,0,11,0,0,1,0,0,91,10,16,54,0,5,10,0,0,23
matplotlib__matplotlib-26208,matplotlib/matplotlib,0,624,300,316,8,365520,1218.4,8170,840913,2661.1170886075947,30615,59546,83211,271063,0.30698029609352806,291,15,8,0,7,40,271,13,0.045774647887323945,564329,20627,24,72,4.411833047866821,43.22591431140896,24207,37273,131031,74,9242,41477,71618,33,9908,33818,131322,36,11495,46825,164226,50,12348,41301,136728,57,5347,28605,75831,19,7051,35894,76339,20,3613,5870,53818,11,7,2,0,0,6,0,5,2,0,0,0,2,0,18,8,36,0,3,0,0,0,0,5,2,112,37,69,37,0,7,13,0,0,16
matplotlib__matplotlib-26291,matplotlib/matplotlib,1,587,280,298,9,345665,1234.517857142857,8375,728509,2444.6610738255035,30616,67000,93344,241849,0.38595983444215193,270,14,9,0,8,38,254,5,0.019305019305019305,455191,27555,287,112,4.834383010864258,41.67405056953427,11832,22179,57292,40,10441,23801,67762,24,9624,26382,116945,33,15315,35028,133492,49,14610,36341,84089,35,22807,65420,181875,67,5649,30060,54601,21,3066,2638,32453,11,22,0,0,0,250,0,4,4,1,0,0,5,1,55,11,41,0,2,1,0,0,0,2,0,126,17,29,35,0,10,11,0,0,42
matplotlib__matplotlib-26342,matplotlib/matplotlib,1,500,238,254,8,267099,1122.264705882353,7001,621963,2448.6732283464567,30616,59546,66433,191737,0.34647981349452633,230,14,8,0,7,29,211,12,0.053811659192825115,345950,9255,29,50,4.68362832069397,30.62354016304015,9035,16556,49262,30,10858,57775,60378,40,11314,21370,136089,33,12765,38780,145795,52,5737,21959,67109,21,7600,18562,70529,30,5370,13379,54738,21,3754,3356,38063,11,15,0,0,0,3,0,1,6,1,0,0,3,0,16,8,22,0,0,0,0,0,0,3,1,116,20,26,25,0,6,19,0,0,18
matplotlib__matplotlib-26466,matplotlib/matplotlib,0,478,227,243,8,313199,1379.7312775330397,8344,624514,2570.01646090535,30615,59546,71301,233388,0.30550413903028434,219,17,8,0,7,38,212,6,0.027522935779816515,336532,12423,100,101,4.2072954177856445,37.901453256607056,9518,22706,52113,33,11663,53123,63493,40,6466,19762,154801,23,19988,55046,85694,57,7243,29853,84395,23,6214,15963,67862,19,6760,32474,66119,22,3449,4461,50037,10,5,12,1,0,26,0,13,42,0,0,0,0,1,69,8,13,0,2,6,0,0,1,2,0,101,16,25,31,0,5,13,0,0,28
mwaskom__seaborn-3069,mwaskom/seaborn,1,1319,640,666,13,714594,1116.553125,9845,1463067,2196.7972972972975,30616,98388,197483,493290,0.4003385432504206,620,18,11,2,12,46,564,47,0.07692307692307693,931923,22425,116,256,5.955489158630371,39.1754709482193,16201,54242,112947,67,17034,52296,105451,62,8664,29733,197966,36,15829,37663,171603,58,96019,173145,413181,292,32828,124559,363265,92,7920,15764,45369,23,2988,5888,53285,10,42,18,1,0,22,0,11,7,1,0,5,8,1,36,13,158,0,1,24,0,0,4,20,0,172,38,80,193,0,16,43,0,0,78
mwaskom__seaborn-3187,mwaskom/seaborn,0,582,279,295,8,317815,1139.1218637992831,7173,711876,2413.1389830508474,30615,59546,84856,222473,0.38142156576303643,271,15,8,0,7,46,249,15,0.056818181818181816,453464,21512,31,72,4.2186689376831055,31.316105127334573,14867,46866,112232,58,12997,31438,58590,44,8489,28492,94942,28,17967,39693,150677,63,8626,25493,97473,26,10508,20753,96605,27,8143,26022,59181,23,3259,3716,42176,10,9,1,0,0,2,0,7,5,0,0,0,4,3,22,8,34,0,6,1,0,0,0,1,0,110,15,42,62,0,7,1,0,0,34
pallets__flask-5014,pallets/flask,1,412,194,210,8,226270,1166.340206185567,6622,595629,2836.3285714285716,30614,59546,56889,162125,0.3508959136468774,186,17,8,0,7,31,182,3,0.016216216216216217,367551,28800,483,46,4.2228899002075195,26.00817098617553,8152,17867,108900,26,7500,15864,58051,26,5558,11782,81119,19,9915,30210,134677,38,8894,35061,68567,30,6734,31293,55969,23,7001,17062,59199,20,3135,2986,29147,12,1,5,2,0,17,0,2,453,1,0,0,1,1,21,9,14,0,2,0,0,0,0,0,0,97,13,12,34,0,2,15,0,0,13
psf__requests-1142,psf/requests,1,548,262,278,8,303606,1158.8015267175572,7973,638635,2297.248201438849,30614,59546,85326,208441,0.409353246242342,254,17,8,0,7,18,242,10,0.03968253968253968,367005,10465,175,150,4.823094367980957,28.54800009727478,6389,17142,41657,28,10127,30594,75131,31,8526,24795,95037,22,14629,29984,144217,34,27523,60770,134035,95,6415,23737,58004,19,8018,16605,46499,22,3699,4814,44055,11,7,80,3,0,16,4,47,18,0,0,0,0,0,31,9,44,0,0,2,0,0,0,63,1,82,12,20,81,0,13,6,0,0,40
psf__requests-1724,psf/requests,1,500,238,254,8,272636,1145.5294117647059,9000,687581,2707.011811023622,30614,59546,73249,190459,0.38459195942433805,230,18,8,0,7,25,211,11,0.04954954954954955,352866,11570,66,61,5.080313682556152,34.69253029823302,9769,24080,58645,34,10130,51891,78779,35,8809,19505,112262,26,15645,36274,173402,54,8554,16716,74279,30,8340,20663,83987,24,7830,17428,53538,23,4172,3902,52689,12,25,1,2,0,12,7,7,10,1,1,0,0,0,23,10,21,0,3,2,0,0,1,1,0,91,20,22,55,0,6,9,0,0,27
psf__requests-1766,psf/requests,1,412,194,210,8,235375,1213.2731958762886,8865,512551,2440.7190476190476,30613,59546,63468,164651,0.3854698726397046,186,14,8,0,7,29,172,7,0.03910614525139665,296989,12613,8,94,4.465967178344727,34.94376845359801,7953,17935,42842,20,7866,32056,47358,29,7459,24997,89018,25,9756,31380,128725,33,7199,21528,60711,27,10559,16110,54587,26,8612,17257,43278,21,4064,3388,46032,13,2,3,0,0,1,0,2,0,0,0,0,0,0,57,9,24,0,0,0,0,0,1,3,0,88,11,14,41,0,5,3,0,0,24
psf__requests-1921,psf/requests,1,464,220,236,8,267785,1217.2045454545455,7352,773849,3279.021186440678,30614,59546,70763,188778,0.3748477047113541,211,16,8,0,7,27,191,13,0.06372549019607843,524487,28409,52,65,4.627160310745239,29.89877660274505,8127,29303,137928,27,13026,50065,55013,40,9169,20982,115222,27,13335,29047,237502,44,8019,19770,79871,21,7063,17681,59098,24,7374,18264,55483,26,4650,3666,33732,11,0,5,3,0,8,1,11,21,2,0,0,1,0,33,8,11,0,2,6,0,0,0,5,0,102,13,15,44,0,2,14,0,0,21
psf__requests-2317,psf/requests,1,614,295,311,8,269747,914.3966101694915,6574,769154,2473.1639871382636,30614,59546,81606,177047,0.460928454026332,287,15,8,0,7,26,262,21,0.07420494699646643,490818,21177,41,67,4.91924786567688,28.452180588245383,8669,26853,61446,31,9343,30379,53496,35,7889,18997,139708,28,12359,26395,200906,54,24966,27396,137026,93,7842,18772,76365,22,7576,24823,59143,23,2962,3432,41064,9,0,4,4,2,6,0,5,16,0,4,0,0,0,19,8,33,0,4,0,0,0,1,2,0,92,16,31,64,0,9,25,0,0,50
psf__requests-2931,psf/requests,1,486,231,247,8,249620,1080.6060606060605,6690,561795,2274.4736842105262,30614,59546,68141,172817,0.3942957000758027,223,15,8,0,7,17,208,14,0.06306306306306306,353858,26085,34,62,4.460756540298462,27.119110441207884,7573,15094,37435,27,12124,31772,46896,32,7111,20904,89608,24,12324,35677,118380,43,13744,30476,94060,50,6391,20221,62417,23,5188,14115,44119,20,3686,4558,68880,12,3,0,6,0,8,0,8,6,0,3,0,0,0,25,8,25,0,2,1,0,0,1,0,0,78,29,11,54,0,9,23,0,0,19
psf__requests-5414,psf/requests,1,502,239,255,8,289863,1212.81589958159,7287,641392,2515.2627450980394,30614,59546,69738,211198,0.33020199054915295,230,13,8,0,7,26,221,6,0.02643171806167401,325282,11526,113,72,4.290314316749573,36.49137424230573,8990,21822,45261,37,8334,34709,63173,31,8348,35428,150910,22,11111,36249,116445,45,11344,23606,92227,47,9271,20900,66914,23,8873,33714,52133,22,3467,4770,54329,12,21,29,7,6,11,0,6,33,0,0,0,0,0,31,8,31,0,0,0,0,0,1,0,1,87,17,14,60,0,7,20,0,0,25
psf__requests-6028,psf/requests,1,602,289,305,8,293939,1017.0899653979238,6394,654946,2147.3639344262297,30614,59546,77884,205187,0.37957570411380837,281,16,8,0,7,28,251,21,0.07720588235294118,421599,17578,79,75,4.32073187828064,25.656294691562646,11795,33808,74785,46,11290,46412,65810,43,8430,18736,102656,28,10681,27979,148740,37,17503,38618,95572,78,7273,19381,66432,22,7568,16551,54545,24,3344,3702,46406,11,1,7,3,2,20,0,34,10,1,0,1,0,0,16,8,41,0,2,0,0,0,0,8,0,95,14,24,78,0,10,20,0,0,40
pydata__xarray-2905,pydata/xarray,1,520,248,264,8,334466,1348.6532258064517,12133,634807,2404.5719696969695,30615,59546,71236,253922,0.280542843865439,240,13,8,0,7,31,225,11,0.046610169491525424,373567,9947,20,90,4.040251731872559,55.42097153663634,6306,18212,44850,27,12340,88019,65147,42,9475,24193,104238,27,13983,41843,148746,57,7709,26863,84733,29,10190,39138,82656,32,7387,11445,54770,23,3846,4209,49667,11,2,0,0,0,2,0,3,13,0,0,0,0,0,21,11,31,0,1,2,0,0,0,24,0,96,10,24,44,0,6,33,0,0,27
pydata__xarray-3095,pydata/xarray,1,562,269,285,8,280712,1043.5390334572492,8542,728393,2555.7649122807015,30615,59546,86562,184041,0.47034084796322556,261,16,8,0,7,27,255,4,0.015444015444015444,502023,25883,59,126,4.606666207313538,31.949564778804763,10632,22712,86212,42,15351,46356,65589,35,7630,15198,99948,29,25515,32508,158047,75,8478,27726,96059,33,8495,19497,84160,23,6776,15311,99418,21,3685,4733,38960,11,2,5,0,0,19,0,1,31,0,0,0,0,1,77,9,35,0,1,1,0,0,2,1,0,90,17,36,56,0,6,15,0,0,41
pydata__xarray-3151,pydata/xarray,1,450,213,229,8,263002,1234.75117370892,9294,613570,2679.3449781659388,30616,59546,63395,191628,0.33082326173628074,205,13,8,0,7,30,192,2,0.010309278350515464,377027,17200,218,63,4.946910619735718,38.530608260631546,8431,14825,49807,29,9101,37348,64501,32,7403,33054,110969,25,14804,32419,100041,51,5930,19199,95378,23,6329,23169,82347,22,7613,26707,56501,20,3784,4907,54026,11,0,0,0,0,4,0,0,214,0,0,0,0,0,30,10,13,0,5,4,0,0,0,1,0,99,13,11,38,0,6,19,0,0,19
pydata__xarray-3305,pydata/xarray,1,476,226,242,8,245187,1084.8982300884957,10031,603912,2495.504132231405,30614,59546,67845,168869,0.4017611284486792,218,15,8,0,7,21,210,5,0.023255813953488372,379514,15128,85,63,4.916160345077515,36.93861727714538,7025,13111,44117,32,11841,36414,83525,33,6311,17391,94679,22,11978,39362,136630,48,13272,25237,68418,34,7281,20000,66256,23,6985,14349,67747,24,3152,3005,42540,10,0,40,0,0,21,0,16,8,0,0,0,0,0,41,10,12,0,0,0,0,0,0,0,0,80,12,24,56,0,2,12,0,0,32
pydata__xarray-3677,pydata/xarray,1,992,472,504,16,534483,1132.3792372881355,7453,1275362,2530.4801587301586,30615,121536,138895,377942,0.3675034793698504,454,16,14,3,15,51,432,6,0.0136986301369863,850224,21606,354,166,5.132080793380737,37.32181906700134,9034,14906,48768,36,12180,56835,66522,41,7866,31177,108770,28,10930,31588,114435,44,39382,101638,330893,132,48716,125016,503144,160,8000,12402,64320,22,2787,4380,38510,9,19,16,0,0,208,0,30,60,20,0,0,0,1,44,21,68,0,0,8,0,0,2,23,0,218,38,32,97,0,18,16,0,0,35
pydata__xarray-3993,pydata/xarray,1,492,234,250,8,282550,1207.4786324786326,10025,612045,2448.18,30615,59546,73303,200470,0.3656557090836534,226,17,8,0,7,25,216,6,0.02702702702702703,362805,15179,114,92,4.429570913314819,33.2084533214569,8987,25666,34740,31,11978,38336,46696,28,9582,19186,97472,28,14122,30991,162850,53,7803,38539,81565,30,9397,26432,87696,33,8581,15567,61089,21,2853,5753,39937,10,1,0,0,0,22,0,78,10,0,1,0,0,2,53,8,28,0,0,1,0,0,0,2,0,91,9,20,58,0,4,8,0,0,36
pydata__xarray-4075,pydata/xarray,1,470,223,239,8,265142,1188.9775784753363,8504,643589,2692.8410041841003,30615,59546,66289,190494,0.3479847134292944,215,14,8,0,7,24,210,2,0.009433962264150943,405204,13611,54,73,5.302332520484924,40.56963095664977,8494,16631,45018,30,7987,33269,50219,26,8179,26681,127256,29,10959,41244,137433,45,12406,30248,99401,38,9482,23199,71143,23,5837,16313,76896,22,2945,2909,36223,10,0,16,0,0,6,0,22,10,0,0,0,0,0,39,8,20,0,4,1,0,0,1,0,0,89,14,16,49,0,6,21,0,0,20
pydata__xarray-4094,pydata/xarray,1,526,251,267,8,315907,1258.593625498008,9628,719885,2696.198501872659,30616,59546,80499,225986,0.3562123317373643,243,13,8,0,7,29,233,7,0.029166666666666667,468642,20387,72,121,4.750239849090576,36.22223234176635,7841,17026,62008,28,11399,42431,62134,30,8556,29778,139997,30,13559,32900,102452,56,22913,29309,160281,50,6942,39137,76782,23,6494,31575,72673,24,2795,3830,43558,10,0,6,0,0,0,0,2,32,32,0,0,0,0,85,9,23,0,0,0,0,0,1,1,2,86,22,28,62,0,2,17,0,0,26
pydata__xarray-4356,pydata/xarray,1,991,473,503,15,563274,1190.8541226215646,10714,1380101,2743.7395626242546,30615,113296,144035,401597,0.3586555676461727,455,15,13,2,14,46,435,6,0.013605442176870748,954928,27921,820,153,5.175067067146301,35.6980949640274,11594,37548,64992,45,10575,48799,67063,37,5957,17223,81273,21,10721,31900,156314,41,37640,98089,352209,132,57069,142950,560527,166,7729,20582,40499,21,2750,4506,57224,10,1,279,2,1,20,1,50,465,1,0,0,0,0,42,16,79,0,0,14,0,0,0,0,2,185,23,35,115,0,22,34,0,0,41
pydata__xarray-4629,pydata/xarray,1,444,210,226,8,287242,1367.8190476190475,8006,643891,2849.075221238938,30615,59546,65630,213747,0.3070452450794631,202,14,8,0,7,27,188,11,0.05527638190954774,318035,12795,45,86,5.165546894073486,34.56552939414978,6256,15864,41915,24,11099,53977,52973,40,7093,23021,146245,27,10255,36572,127678,36,9274,22044,89139,22,10832,22869,85670,26,7486,35082,54338,24,3335,4318,45933,11,0,0,0,0,14,0,3,27,0,1,0,0,0,57,8,7,0,0,1,0,0,1,8,4,90,10,16,44,0,5,14,0,0,23
pydata__xarray-4687,pydata/xarray,0,790,381,400,9,416795,1093.9501312335958,8486,819141,2047.8525,30615,67000,117751,284725,0.41356045306875056,370,15,9,0,8,45,348,10,0.027932960893854747,500148,10365,42,89,4.3854899406433105,33.30308825969696,8006,21109,62784,32,8090,25305,48469,31,5950,21330,102399,22,10638,33092,114744,39,23973,32599,161407,97,49018,94790,211792,125,7930,51922,57814,23,4146,4578,59732,12,1,4,3,0,1,0,7,26,0,0,0,0,0,22,11,52,0,0,4,0,0,0,0,0,133,14,68,67,0,12,9,0,0,67
pydata__xarray-4695,pydata/xarray,1,1166,560,591,15,623075,1112.6339285714287,8388,1254064,2121.9357021996616,30615,113296,176510,425489,0.41484033664795095,546,18,12,2,13,52,519,14,0.02626641651031895,809245,22704,464,210,5.27575159072876,37.83937304019929,8730,19245,69918,33,16597,75429,75433,58,9159,27175,104053,28,12995,29220,93272,53,41165,101664,315005,124,77977,142848,505110,233,7200,25387,51102,23,2687,4521,40171,8,53,30,1,0,1,0,167,166,45,0,0,0,1,31,15,132,0,0,13,0,0,5,10,4,197,28,62,152,0,20,16,0,0,71
pydata__xarray-4966,pydata/xarray,1,804,384,408,12,527517,1373.7421875,8696,1232647,3021.1936274509803,30615,90934,118414,394724,0.29999189306958784,371,14,10,2,11,43,354,7,0.019390581717451522,826045,27139,49,125,4.9094398021698,49.00349285602568,10327,43166,72139,29,12706,94312,85195,37,8555,32711,124884,25,12222,41701,169162,43,46160,97708,391608,165,19031,56170,250425,53,6295,25259,57939,20,3118,3697,81295,12,4,9,0,0,31,0,0,5,0,0,0,0,0,25,14,61,0,0,16,0,0,3,3,3,147,19,30,112,0,12,6,0,0,45
pydata__xarray-6461,pydata/xarray,1,512,244,260,8,252013,1032.8401639344263,8171,591269,2274.1115384615387,30613,59546,79597,163260,0.4875474702927845,236,14,8,0,7,20,228,5,0.02145922746781116,343450,12837,15,92,5.135208606719971,33.17311098575589,11099,19050,57308,40,6639,32598,50895,26,12037,23766,103707,37,14015,21875,118566,38,14965,24933,77793,42,9301,19024,64509,23,7369,17905,54964,26,4172,4109,63527,12,2,1,0,0,1,0,1,10,0,0,0,0,0,46,11,18,0,6,8,0,0,0,3,0,92,8,35,43,0,9,13,0,0,36
pydata__xarray-6599,pydata/xarray,0,741,357,375,9,413602,1158.549019607843,9077,836864,2231.637333333333,30615,67000,108034,292347,0.36954030655351344,342,13,10,0,7,39,316,22,0.0650887573964497,546780,16298,81,112,4.792246103286743,48.14786195755005,9974,43105,80152,40,9197,41922,60197,34,8137,22454,118862,28,17978,31709,106211,38,30782,60151,179481,114,20868,58449,181106,66,7177,31568,66881,26,3921,2989,43974,11,8,17,0,0,4,1,13,38,0,0,0,0,0,52,10,42,0,0,1,0,0,1,5,1,125,10,25,78,0,15,34,0,0,55
pydata__xarray-6721,pydata/xarray,1,792,384,400,8,397898,1036.1927083333333,7674,804293,2010.7325,32094,59546,98776,284728,0.3469135455592706,375,15,8,0,7,49,349,14,0.03856749311294766,464724,10874,108,108,4.633853197097778,43.34393284320831,13530,37945,67353,53,11093,74713,76456,53,10518,38512,145055,37,18410,44747,139233,92,25975,49972,159021,94,6183,18448,80379,21,9536,16256,81870,23,3531,4135,54926,11,5,6,1,0,20,0,3,43,29,0,0,0,1,53,10,36,0,0,2,0,0,3,4,0,118,21,55,69,0,5,43,0,0,64
pydata__xarray-6744,pydata/xarray,1,608,292,308,8,331131,1134.0102739726028,12854,671519,2180.2564935064934,30616,59546,87305,232923,0.3748234395057594,282,14,8,0,7,25,272,6,0.02158273381294964,412495,11126,74,87,6.224551200866699,40.99539649486542,8451,33001,70943,29,7472,41365,83585,28,8126,17242,91747,23,11373,29112,93484,30,32102,66694,148089,120,7032,19002,66331,22,7716,20288,49828,26,5033,6219,67512,14,2,10,1,0,8,0,0,52,1,0,0,0,0,28,8,36,0,0,3,0,0,0,12,0,95,9,26,89,0,9,5,0,0,49
pydata__xarray-6938,pydata/xarray,1,500,238,254,8,334820,1406.8067226890757,12223,699331,2753.271653543307,30615,59546,72331,251763,0.28729797468253876,230,14,8,0,7,44,210,10,0.045454545454545456,335151,11862,94,95,5.1827428340911865,36.118359279632564,8627,22698,65043,34,7677,51523,56948,31,13642,31968,194935,29,15904,28066,138276,48,9272,30176,76073,32,8138,34373,71443,29,6344,47639,58357,24,2727,5320,38256,11,14,12,0,0,18,0,12,28,9,0,0,0,1,41,13,25,0,1,3,0,0,2,9,1,108,15,27,24,0,6,26,0,0,24
pydata__xarray-6992,pydata/xarray,0,520,248,264,8,239316,964.983870967742,6840,602229,2281.1704545454545,30615,59546,68851,161158,0.42722669678204,240,15,8,0,7,26,226,8,0.03418803418803419,382333,23569,173,72,4.504894018173218,34.21919922828674,7519,18732,43795,29,8954,31254,42218,28,7850,19314,101918,27,17096,32295,178422,72,8094,23007,71822,34,7824,17088,62556,25,7468,14604,53726,22,4046,4864,47772,11,9,13,0,0,4,0,0,130,17,0,0,0,0,19,8,30,0,7,7,0,0,1,0,0,107,12,31,34,0,6,13,0,0,37
pydata__xarray-7229,pydata/xarray,0,590,283,299,8,326115,1152.3498233215548,10715,726604,2430.113712374582,30615,59546,85554,229921,0.3721017218957816,275,13,8,0,7,24,254,9,0.034220532319391636,421866,15428,69,85,4.8514896631240845,38.74361943006515,10581,30172,103368,36,7877,60706,60520,30,10509,27761,158173,38,15954,55288,128569,43,23228,20611,136643,77,8284,16855,59791,27,6103,14889,43825,23,3018,3639,35715,9,6,6,0,0,12,0,4,31,8,0,0,0,2,32,8,25,0,0,5,0,0,2,7,6,85,12,48,50,11,5,10,0,0,54
pydata__xarray-7233,pydata/xarray,1,430,203,219,8,244210,1203.0049261083743,8528,600099,2740.178082191781,30615,59546,60400,176209,0.34277477313871596,195,15,8,0,7,23,184,6,0.031578947368421054,348475,17561,91,86,5.5634671449661255,32.27572175264356,6567,19425,48431,28,6368,20085,51091,22,9965,22299,109699,31,13406,31840,146609,37,8239,25772,91587,34,6428,40142,76308,23,6864,13330,46769,19,2563,3316,29605,9,11,9,0,0,10,0,0,61,0,0,0,0,0,57,13,9,0,2,1,0,0,0,4,0,84,16,12,50,0,8,10,0,0,15
pydata__xarray-7393,pydata/xarray,1,500,238,254,8,296864,1247.327731092437,7132,732502,2883.8661417322833,30615,59546,66819,221137,0.3021611037501639,229,14,9,0,7,41,218,7,0.03111111111111111,350487,9837,116,53,4.6032350063323975,34.66574344635009,10312,24098,59214,46,11902,69388,77142,39,9219,19908,211508,25,10460,24517,145670,44,8409,16050,72616,28,6217,32696,63442,23,7247,30314,60861,23,3053,4166,42049,10,1,1,0,0,96,0,3,13,2,0,0,0,0,24,10,15,0,0,1,0,0,2,1,0,107,13,22,41,0,2,12,0,0,32
pylint-dev__pylint-4551,pylint-dev/pylint,0,624,300,316,8,381297,1270.99,7961,796553,2520.737341772152,30615,59546,94135,275901,0.34119122438845817,292,15,8,0,7,34,264,20,0.07042253521126761,501919,17440,52,114,5.538402318954468,37.20185427665708,7587,32304,107516,29,11637,53566,78184,41,9878,24472,134031,36,22009,60493,169001,52,22325,71929,133119,80,10158,17205,76777,28,7755,12380,51799,24,2786,3552,46126,10,4,5,1,0,3,0,0,0,31,0,0,0,8,24,19,43,0,0,5,0,0,1,1,21,128,11,20,72,0,6,24,0,0,31
pylint-dev__pylint-4604,pylint-dev/pylint,0,646,311,327,8,300472,966.1479099678456,8515,716328,2190.605504587156,30616,59546,87409,201359,0.4340953222850729,303,17,8,0,7,25,288,12,0.04,462502,16555,20,93,4.848219156265259,27.43786073923111,11743,21252,80965,50,13218,36889,58594,37,11828,26039,139873,35,18060,39110,156231,74,13644,39938,110291,57,9854,20181,76726,25,6000,14555,55619,22,3062,3395,38029,11,4,1,0,0,3,0,0,7,0,1,0,0,4,32,8,49,0,0,1,0,0,0,3,0,129,10,38,84,0,1,10,0,0,31
pylint-dev__pylint-4661,pylint-dev/pylint,0,454,215,231,8,301050,1400.2325581395348,6699,576458,2495.4891774891776,30616,59546,60824,232171,0.2619793169689582,207,13,8,0,7,30,191,12,0.059113300492610835,328196,12976,48,67,5.016866207122803,38.74065109491348,6811,44358,35037,28,8104,47371,58213,30,5332,17606,102522,19,12403,33342,103408,42,9946,26546,91365,38,7864,18640,89144,24,6807,41072,51245,23,3557,3236,45524,11,20,19,0,0,2,0,0,4,0,0,0,0,3,16,9,17,0,0,0,0,0,0,0,25,98,10,13,37,0,8,15,0,0,26
pylint-dev__pylint-4970,pylint-dev/pylint,0,584,280,296,8,332558,1187.7071428571428,8311,810880,2739.4594594594596,30614,59546,86598,235456,0.36778846153846156,272,16,8,0,7,32,256,11,0.04119850187265917,526991,29910,14,118,4.815207242965698,34.24304821491238,12702,40694,119099,49,15727,79250,92922,52,11032,22110,170103,26,16658,32110,114860,48,13750,23944,119235,50,6423,21672,75657,23,7290,12326,80581,23,3016,3350,38423,9,1,6,0,0,0,0,0,5,1,0,0,0,1,38,9,51,0,1,8,0,0,0,11,0,126,15,22,57,0,10,16,0,0,26
pylint-dev__pylint-6386,pylint-dev/pylint,1,578,277,293,8,314951,1137.0072202166066,10051,680226,2321.590443686007,30614,59546,83077,221464,0.3751264313838818,268,13,8,0,7,38,255,11,0.041353383458646614,468149,18157,55,77,5.0666139125823975,38.1065753698349,13807,25298,89066,46,6797,29904,57758,23,16870,44567,98557,50,13706,44924,149813,52,12074,27158,111578,46,8614,31377,73692,24,7820,14605,59313,26,3389,3631,40449,10,4,13,1,0,0,0,5,28,3,0,0,0,1,27,9,38,0,0,1,0,0,1,1,0,96,9,40,53,0,8,23,0,0,39
pylint-dev__pylint-6528,pylint-dev/pylint,0,843,408,426,9,469523,1150.7916666666667,8839,821138,1927.5539906103286,30615,67000,126652,327519,0.3867012295469881,399,17,9,0,8,37,360,31,0.0792838874680307,546673,16630,60,191,4.885330677032471,36.75667850971221,10938,33511,96340,46,17428,68898,66973,42,10985,42047,88038,43,25169,49119,140429,63,25135,73451,157977,98,26639,38232,183440,85,6796,17699,46945,21,3562,4562,40996,10,4,7,23,0,4,0,0,0,3,14,0,4,1,96,13,74,0,0,8,0,0,0,0,0,128,27,64,80,0,8,43,0,0,49
pylint-dev__pylint-6903,pylint-dev/pylint,1,847,404,430,13,523555,1295.9282178217823,10547,1129777,2627.3883720930235,25480,98388,126787,381598,0.33225278958485105,391,13,11,2,12,53,355,23,0.06084656084656084,786623,22270,269,144,4.865150451660156,38.15506539344784,9814,55446,66039,37,12018,80129,83505,44,8088,21782,87348,22,11412,35812,149728,48,39932,79786,302254,115,33004,68829,305732,100,8631,34654,73859,27,3888,5160,61312,11,9,13,7,0,31,0,4,205,0,0,0,0,0,27,14,55,0,15,14,0,0,3,3,13,187,29,27,71,0,12,36,0,0,29
pylint-dev__pylint-7080,pylint-dev/pylint,1,849,411,429,9,436513,1062.0754257907543,9227,1161644,2707.7948717948716,47588,67000,129323,291577,0.44352949649663725,401,17,9,0,8,29,363,32,0.0810126582278481,648812,14257,56,131,4.614301085472107,34.35278574228285,13335,30391,97638,44,10738,46583,89553,36,11077,26914,178763,31,13767,44969,150360,56,45364,69880,222986,141,22297,50659,263320,69,9141,17703,79555,22,3604,4478,79469,12,11,19,10,0,0,0,6,2,0,7,0,0,1,38,11,71,0,4,5,0,0,0,1,1,119,18,70,109,0,9,13,0,0,63
pylint-dev__pylint-7277,pylint-dev/pylint,0,466,221,237,8,268709,1215.8778280542986,6899,582928,2459.6118143459917,30615,59546,67955,192471,0.35306617620316827,213,12,8,0,7,31,207,5,0.02358490566037736,339424,13749,10,86,4.588963270187378,32.43753480911254,9282,24487,58027,33,11774,35079,84957,39,7639,22682,93656,24,12322,25979,103633,45,10630,22985,77980,26,5571,37042,66660,23,7338,20343,55868,21,3399,3874,42147,10,2,0,0,0,0,0,2,6,0,0,0,0,0,41,11,24,0,1,0,0,0,0,9,0,106,12,23,39,0,4,18,0,0,11
pytest-dev__pytest-10051,pytest-dev/pytest,1,538,257,273,8,269909,1050.2295719844358,6625,603800,2211.7216117216117,30614,59546,75225,185754,0.4049710907975064,230,14,8,0,7,37,214,9,0.04035874439461883,356528,12093,48,104,5.322456002235413,175.13050824403763,7989,23926,53916,25,10633,37902,76143,37,6709,29935,88421,23,11209,29389,90972,43,16332,14254,126394,71,10703,18141,71567,26,8059,28659,52056,22,3591,3548,44331,10,0,47,0,0,0,0,0,0,0,0,1,0,0,45,11,13,0,4,3,0,0,1,27,0,95,11,21,34,0,10,16,0,0,43
pytest-dev__pytest-10081,pytest-dev/pytest,1,584,280,296,8,338927,1210.4535714285714,10257,643972,2175.5810810810813,25723,59546,75753,252646,0.29983850921843214,272,14,8,0,7,41,263,4,0.0149812734082397,441454,22768,164,96,4.3529863357543945,30.20034193992614,8316,37155,77925,32,12078,57190,79756,50,17352,64831,110297,64,11694,29830,148301,50,8170,20610,85276,27,6561,19328,52672,22,8078,19980,58185,26,3504,3722,31560,9,6,0,0,0,2,38,9,2,0,2,0,104,1,24,9,54,0,2,4,1,0,1,1,0,123,20,26,35,0,5,30,0,0,33
pytest-dev__pytest-10356,pytest-dev/pytest,0,584,280,296,8,354899,1267.4964285714286,9270,947251,3200.1722972972975,30614,59546,74217,270158,0.27471701744904836,272,16,8,0,7,34,253,12,0.045283018867924525,674435,27881,96,157,4.508699178695679,33.99652924537658,10501,27468,135884,43,11738,74475,87518,47,10335,28483,107369,33,12839,27804,150750,55,11185,41827,197630,46,7621,26492,109154,23,6088,39200,79000,20,3910,4409,79946,13,10,29,1,1,17,0,29,4,3,0,0,0,2,19,9,25,0,1,0,0,0,1,95,7,101,19,26,47,0,8,37,0,0,34
pytest-dev__pytest-5262,pytest-dev/pytest,1,460,218,234,8,320312,1469.3211009174313,13418,682338,2915.974358974359,30614,59546,67289,244853,0.2748138679125843,210,14,8,0,7,35,197,12,0.05741626794258373,407741,27150,236,69,4.717264175415039,43.17593965530396,9227,20321,87601,30,9311,29337,68585,33,9147,23048,130800,24,12833,63060,142754,49,5428,17522,71738,21,9898,44279,69750,24,6912,43858,60472,24,4533,3428,50638,13,0,38,2,0,12,0,180,3,0,1,0,0,0,43,9,13,0,2,0,0,0,0,2,0,108,13,20,33,0,5,13,0,0,18
pytest-dev__pytest-5631,pytest-dev/pytest,1,992,472,504,16,593005,1256.3665254237287,9890,1397634,2773.0833333333335,30614,121536,148731,426822,0.348461419514458,449,16,14,3,15,50,417,8,0.018823529411764704,941522,29971,1038,163,4.877669334411621,48.74447572231293,8865,34674,46314,32,10826,52927,79800,39,6828,22384,90408,23,16466,32979,115951,54,42156,124630,378750,136,51479,130313,571301,155,8326,24693,77787,22,3785,4222,37323,11,6,215,7,11,2,0,5,787,0,1,0,2,2,63,18,58,0,1,19,0,0,2,2,0,218,24,36,100,0,18,18,1,0,34
pytest-dev__pytest-5787,pytest-dev/pytest,1,562,269,285,8,343940,1278.5873605947954,9195,793242,2783.305263157895,30613,59546,80122,253712,0.31579901620735323,261,16,8,0,7,37,244,8,0.031746031746031744,503179,15338,648,58,4.455457091331482,36.98819708824154,11598,33567,87429,40,10408,51143,93125,37,7359,25891,101820,27,15823,34596,138265,56,16624,46718,171597,53,7351,34941,81295,22,7638,23028,66913,24,3321,3828,52798,10,138,37,0,0,23,0,19,423,0,0,0,7,1,16,10,29,0,0,2,0,0,1,0,0,97,13,28,55,0,2,14,2,0,50
pytest-dev__pytest-5809,pytest-dev/pytest,1,462,219,235,8,304139,1388.7625570776256,8424,600361,2554.727659574468,26418,59546,67158,228774,0.2935560859188544,211,15,8,0,7,33,197,11,0.052884615384615384,415931,26374,117,52,4.8007214069366455,43.65573493242263,6662,27905,49695,23,10471,47774,106201,32,6543,24817,86170,20,13872,50402,119899,44,10931,20915,85593,41,6941,39121,60245,24,8898,14969,53399,25,2840,2871,39159,10,2,105,0,0,5,0,0,0,0,1,1,0,3,19,8,22,0,0,3,0,0,0,0,0,106,11,4,42,0,2,27,0,0,19
pytest-dev__pytest-5840,pytest-dev/pytest,0,522,249,265,8,332669,1336.0200803212851,11797,546316,2061.5698113207545,30612,59546,75505,247817,0.30468046986284236,241,14,8,0,7,38,230,8,0.03361344537815126,332327,10674,192,49,4.120056629180908,35.69127327203749,12706,52734,65557,47,13063,67274,92550,37,10482,19902,91218,32,12881,20417,79643,41,8585,23505,70232,33,8115,34068,57570,26,6480,26966,51943,23,3193,2951,37603,10,3,0,75,94,5,0,1,1,11,0,0,0,2,25,9,14,0,0,1,0,0,0,0,0,100,12,37,48,0,7,13,0,0,24
pytest-dev__pytest-6197,pytest-dev/pytest,1,742,359,375,8,338255,942.2144846796657,8572,695909,1855.7573333333332,30613,59546,106558,218931,0.48671956004403216,331,18,8,0,7,40,314,11,0.033846153846153845,429420,14341,66,121,4.304829120635986,139.51184864044188,8858,15261,72569,34,21430,26214,72222,50,19650,40518,124866,58,15879,45763,128837,65,23853,42084,130549,97,6856,31039,59495,23,6889,14935,59685,22,3143,3117,47686,10,3,49,7,0,1,0,1,1,0,2,0,1,1,66,8,34,0,0,2,0,0,1,1,9,117,10,44,51,0,8,58,0,0,43
pytest-dev__pytest-6202,pytest-dev/pytest,1,500,238,254,8,252064,1059.09243697479,7326,572280,2253.0708661417325,30614,59546,68423,174710,0.3916375708316639,230,14,8,0,7,34,214,14,0.06140350877192982,318233,12035,34,60,3.7188565731048584,25.03928990364074,8611,23704,49576,31,7274,33415,50023,25,8195,19088,99094,30,20549,38651,157004,68,7965,21129,68910,31,6444,17599,61827,22,6817,18277,55270,23,2568,2847,30576,8,4,17,0,0,3,0,0,6,1,0,0,0,3,20,8,28,0,1,1,0,0,1,1,0,110,17,25,31,0,4,15,0,0,28
pytest-dev__pytest-7205,pytest-dev/pytest,0,584,280,296,8,303155,1082.6964285714287,7705,639739,2161.2804054054054,30612,59546,84599,208031,0.4066653527599252,272,16,8,0,7,37,260,7,0.026217228464419477,397270,21574,21,98,4.754729270935059,30.870956254005428,5494,12623,49859,23,25305,69048,113537,76,10132,30856,109573,36,10185,32425,109294,41,12279,19737,120843,42,9438,20844,62040,25,9037,19247,45390,29,2729,3251,29203,8,5,6,0,0,3,0,0,2,0,0,0,1,4,38,8,47,0,3,0,0,0,1,1,0,114,11,20,50,0,3,49,0,0,25
pytest-dev__pytest-7236,pytest-dev/pytest,1,532,254,270,8,297455,1171.0826771653544,16642,734825,2721.574074074074,30613,59546,71395,216523,0.32973402363721177,245,18,8,0,7,34,226,7,0.030042918454935622,429750,16495,170,66,4.386101722717285,42.28309555053711,10282,30091,104992,38,11523,51403,103202,40,7976,26159,134087,23,10504,33969,134019,48,9461,19299,78636,34,6061,17254,58851,22,11221,33741,59597,35,4367,4607,61441,14,10,11,0,0,4,57,6,1,35,0,0,44,2,16,8,32,0,0,3,0,0,0,4,3,115,15,21,24,0,1,51,1,0,17
pytest-dev__pytest-7324,pytest-dev/pytest,1,803,382,408,13,422410,1105.7853403141362,7643,1236511,3030.6642156862745,30616,98388,128951,279201,0.4618572283050562,366,12,11,2,12,29,340,14,0.03954802259887006,834681,18372,581,168,4.954728841781616,37.66249918937683,7446,27104,57606,25,9895,21985,75118,26,10112,23127,132257,29,11441,27495,131929,32,43662,78060,368689,137,37178,86119,356805,101,5216,11396,63258,19,4001,3915,50849,13,3,303,0,0,0,0,0,275,0,0,0,0,0,68,15,64,0,1,13,0,0,2,0,5,166,16,17,114,0,23,7,0,0,23
pytest-dev__pytest-7432,pytest-dev/pytest,1,1132,536,576,20,606705,1131.9123134328358,7776,1641247,2849.387152777778,30614,153710,173176,413495,0.4188103846479401,515,19,14,6,19,57,480,18,0.03614457831325301,1070672,22268,160,206,4.903745889663696,37.21113481521604,6872,18431,42549,26,11019,35348,77685,39,9282,27078,140818,24,12191,38505,105561,49,66792,139369,602051,205,55411,111791,541808,154,8593,37985,101699,29,3016,4988,29076,10,2,43,0,0,30,0,82,0,0,2,0,0,1,53,24,86,0,0,40,0,0,3,0,0,259,35,27,93,0,19,31,0,0,51
pytest-dev__pytest-7490,pytest-dev/pytest,1,480,228,244,8,250080,1096.842105263158,6677,849643,3482.1434426229507,45596,59546,69121,172410,0.40091062003364075,220,14,8,0,7,33,207,7,0.03271028037383177,401284,16281,151,55,4.775798559188843,34.195903563499435,7405,21850,76301,30,10869,29506,115846,40,8385,40173,139801,25,12291,23872,149115,41,12869,24798,123999,35,8161,16820,84290,25,5397,11857,91155,20,3744,3534,69136,12,1,40,0,0,15,0,68,24,0,2,0,0,1,19,8,20,0,7,0,0,0,1,0,0,106,9,18,31,0,6,17,0,0,33
pytest-dev__pytest-7521,pytest-dev/pytest,1,448,212,228,8,240973,1136.6650943396226,6144,680136,2983.0526315789475,30614,59546,64270,168761,0.38083443449612175,204,16,8,0,7,18,192,8,0.04,381844,15489,120,39,5.311169862747192,30.513136625289917,8050,18582,59619,29,9953,32368,54446,36,6701,20442,131986,23,14117,29959,135632,41,7580,29358,85386,28,7222,18176,75551,22,7498,15702,85778,22,3149,4174,51738,11,5,53,4,0,52,0,0,3,0,2,0,0,1,18,9,10,0,0,0,0,0,0,2,0,89,12,14,46,0,6,18,0,0,19
pytest-dev__pytest-7571,pytest-dev/pytest,1,488,232,248,8,260827,1124.2543103448277,10223,598192,2412.064516129032,30613,59546,69108,183018,0.3776022030619939,224,15,8,0,7,32,207,12,0.0547945205479452,356052,29763,51,83,5.282077789306641,32.4388085603714,7658,15594,72434,26,10023,28186,84914,27,8593,20168,122974,29,13794,46878,103403,60,8800,21574,68447,32,9164,16860,58068,24,7407,30995,48959,24,3669,2763,38993,10,4,40,0,0,0,0,0,6,0,0,0,0,1,35,11,24,0,3,8,0,0,0,1,1,105,9,11,38,0,6,36,0,0,19
pytest-dev__pytest-7982,pytest-dev/pytest,1,468,222,238,8,292086,1315.7027027027027,7784,518951,2180.4663865546217,30613,59546,66277,217490,0.30473584992413444,214,15,8,0,7,46,202,8,0.0380952380952381,312561,12292,49,63,5.0665833950042725,32.29689002037048,7047,21022,52991,27,9243,36241,43653,31,7732,17842,90118,25,13615,39559,114351,51,7691,29411,65562,26,7673,44432,54485,24,7306,23418,45126,24,5970,5565,52665,14,10,19,10,0,1,0,1,0,2,0,0,0,6,28,8,24,0,1,2,0,0,0,0,0,101,12,15,39,0,7,22,0,0,18
pytest-dev__pytest-8399,pytest-dev/pytest,1,528,252,268,8,320552,1272.031746031746,7671,690491,2576.458955223881,23901,59546,76167,234925,0.3242183675641162,244,17,8,0,7,32,232,4,0.01694915254237288,492854,21709,47,59,4.255429983139038,35.0738490819931,9533,20677,87890,35,9086,42623,88154,32,7770,52753,96036,26,19444,42375,146689,62,14439,25630,77002,45,6600,28108,71742,22,6705,18169,77215,21,2590,4590,45763,9,11,9,0,0,12,0,2,0,12,0,0,0,1,22,8,28,0,0,0,0,0,1,0,0,91,20,26,52,0,2,25,0,0,28
scikit-learn__scikit-learn-10297,scikit-learn/scikit-learn,1,720,342,366,12,362593,1060.2134502923977,6276,867556,2370.3715846994537,30615,90148,104677,245088,0.4270996540018279,330,14,11,1,11,42,309,10,0.03134796238244514,547735,19490,371,135,4.287992715835571,22.64734196662903,6553,15266,53182,25,7665,30607,48257,31,8386,23734,105985,27,13529,33922,97599,44,25069,36172,164462,78,33976,79152,306513,107,5938,22931,52588,19,3561,3304,38970,11,42,22,0,0,0,2,258,47,0,0,0,0,0,28,13,62,0,0,14,0,0,0,17,1,166,19,27,69,0,10,5,0,0,34
scikit-learn__scikit-learn-10844,scikit-learn/scikit-learn,1,458,217,233,8,309905,1428.1336405529953,8553,542803,2329.6266094420603,30612,59546,65108,236666,0.2751050002957755,209,14,8,0,7,43,197,1,0.005050505050505051,307022,22245,6,59,5.313332796096802,39.59152805805206,6889,23113,40616,27,9293,52118,62953,37,7202,16750,89387,23,14514,44150,109006,46,6421,28082,66742,25,7153,30300,57870,22,9629,38389,51912,24,4007,3764,64317,13,0,4,0,0,0,0,0,2,0,0,0,0,0,32,9,15,0,0,2,0,0,1,0,0,104,12,21,32,0,6,14,0,0,20
scikit-learn__scikit-learn-10908,scikit-learn/scikit-learn,1,542,259,275,8,403865,1559.3243243243244,8999,662010,2407.309090909091,30616,59546,90681,303493,0.2987910759061988,250,15,8,0,7,25,240,2,0.008264462809917356,362423,14790,77,112,4.992613315582275,42.96890777349471,8862,34604,32546,29,15041,60988,67263,45,8660,19909,102433,23,18441,37274,162453,52,16509,70189,97369,46,10102,22265,80110,27,8943,53995,68468,27,4123,4269,51368,10,0,4,0,0,6,0,0,65,0,2,0,0,0,49,10,33,0,0,11,0,0,0,9,0,83,11,23,69,0,3,21,0,0,40
scikit-learn__scikit-learn-11310,scikit-learn/scikit-learn,1,582,279,295,8,332666,1192.3512544802868,9075,663949,2250.6745762711867,25352,59546,81800,240380,0.3402945336550462,270,16,8,0,7,20,261,5,0.018796992481203006,466197,25308,46,75,5.199941158294678,36.496413803100545,7901,16140,63024,29,13680,57958,63616,47,8124,18750,130292,26,18785,72632,122546,79,11251,30864,91571,39,9875,20887,70895,24,8956,18810,66457,24,3228,4339,55548,11,2,5,0,0,3,0,28,6,0,1,0,0,1,26,8,34,0,0,1,0,0,0,5,1,88,29,25,59,0,6,38,0,0,25
scikit-learn__scikit-learn-11578,scikit-learn/scikit-learn,1,424,200,216,8,318334,1591.67,11355,667760,3091.4814814814813,30615,59546,57106,253743,0.2250544842616348,192,14,8,0,7,40,184,4,0.02127659574468085,372313,13971,20,34,5.169016361236572,52.98155205249786,7188,26384,50518,26,7065,64114,78311,29,6786,24578,100177,21,11566,37410,152040,44,8162,26252,97926,28,7524,40678,82517,22,6115,30660,56526,21,2700,3667,49745,9,3,3,0,0,0,0,0,14,0,0,0,0,0,16,8,9,0,0,0,0,0,1,0,0,94,11,14,24,0,6,15,0,0,28
scikit-learn__scikit-learn-12585,scikit-learn/scikit-learn,1,504,240,256,8,287839,1199.3291666666667,7391,557535,2177.87109375,24240,59546,74567,204266,0.36504851517139414,232,12,8,0,7,29,217,14,0.06060606060606061,372707,17531,178,77,4.790472984313965,34.097803997993466,6177,14052,33865,28,13497,42816,57334,46,8935,23469,96531,26,19342,47983,123166,53,8469,20010,70475,33,7271,28259,63444,21,7109,23275,47366,21,3767,4402,65354,12,11,0,0,0,0,0,153,1,0,0,0,12,1,23,11,20,0,1,0,0,0,4,18,0,101,13,16,50,0,7,19,0,0,26
scikit-learn__scikit-learn-12682,scikit-learn/scikit-learn,1,594,285,301,8,346295,1215.0701754385964,8151,770943,2561.2724252491694,30614,59546,78918,256664,0.30747592182775924,277,14,8,0,7,46,267,5,0.01838235294117647,521751,23935,112,68,4.317614555358887,31.884478354454032,16983,34973,136446,66,10644,74885,63019,39,7123,22070,103100,23,10275,33610,130174,42,16476,28388,130846,59,8356,28974,105254,24,6402,30256,58253,22,2659,3508,43851,10,2,0,0,0,3,2,26,77,0,0,0,0,2,17,12,21,0,0,0,0,0,2,16,0,116,12,36,46,0,6,18,0,0,43
scikit-learn__scikit-learn-12973,scikit-learn/scikit-learn,1,456,216,232,8,264003,1222.236111111111,7942,561656,2420.9310344827586,30614,59546,60308,195602,0.3083199558286725,208,14,8,0,7,26,195,9,0.04411764705882353,343332,16117,26,49,4.670146465301514,30.242098450660695,7008,21503,58920,28,10216,44062,61762,40,7908,23867,99007,22,10359,22557,88866,38,7184,32521,82081,30,8894,19395,75484,26,5702,28232,52430,22,3037,3465,43106,10,10,8,0,0,2,0,0,6,0,0,0,0,0,18,8,16,0,2,1,0,0,0,4,0,94,9,20,43,0,3,18,0,0,21
scikit-learn__scikit-learn-13124,scikit-learn/scikit-learn,0,508,242,258,8,300061,1239.9214876033059,9490,698356,2706.8062015503874,30615,59546,75972,215008,0.35334499181425805,234,14,8,0,7,26,224,4,0.017543859649122806,441097,14153,39,89,5.203179597854614,31.019513607025146,5629,27515,82874,26,15799,51900,92264,40,7723,23351,90419,25,16382,48891,126530,59,7756,23573,93303,31,11183,17007,90035,26,6882,16933,55236,21,4618,5838,67695,14,4,4,1,0,0,0,1,27,0,0,0,0,2,45,8,26,0,4,3,0,0,1,2,0,87,19,17,45,0,4,38,0,0,24
scikit-learn__scikit-learn-13135,scikit-learn/scikit-learn,1,436,206,222,8,301065,1461.4805825242718,10846,605616,2728.0,28098,59546,62658,230730,0.27156416590820437,197,13,8,0,7,35,186,8,0.041237113402061855,382815,24008,227,68,4.717632293701172,36.71171078681941,5726,19370,57140,23,12821,39973,59428,38,6770,20940,81751,21,14806,36935,136332,39,8461,29309,94020,33,5702,51883,78837,22,5850,29447,61638,22,2522,2873,36470,8,29,13,0,0,0,0,0,185,0,0,0,0,0,41,8,11,0,1,0,0,0,0,7,0,99,9,8,43,0,6,6,0,0,26
scikit-learn__scikit-learn-13142,scikit-learn/scikit-learn,1,394,185,201,8,219080,1184.2162162162163,7817,556518,2768.7462686567164,30615,59546,52234,159932,0.32660130555486083,177,14,8,0,7,29,171,1,0.005813953488372093,302281,27863,70,34,4.7275151014328,35.089562380313865,5338,10561,88692,21,9001,38442,58359,32,7204,18493,75665,21,9971,39669,114191,35,6016,20015,62206,24,6147,17836,59269,22,5596,10996,57803,21,2961,3920,40333,9,16,32,0,0,0,0,0,22,0,0,0,0,0,19,8,5,0,2,0,0,0,0,0,0,98,14,11,27,0,4,6,0,0,17
scikit-learn__scikit-learn-13328,scikit-learn/scikit-learn,1,700,332,356,12,420050,1265.210843373494,12155,1033107,2901.9859550561796,31732,90148,124318,283355,0.43873586137530657,318,18,11,2,10,39,293,10,0.033003300330033,603993,21235,577,181,6.7926671504974365,42.15865468978882,6784,21697,77179,25,8905,44845,65970,27,10307,38759,104691,29,12704,32277,140458,32,21443,33841,157947,56,54368,95955,373045,134,6706,13313,61833,19,3101,2668,51984,10,14,12,0,0,0,4,454,91,0,0,1,0,1,65,18,47,0,0,13,0,0,1,37,0,155,16,17,71,0,18,8,0,0,33
scikit-learn__scikit-learn-13439,scikit-learn/scikit-learn,1,440,208,224,8,211230,1015.5288461538462,6848,486644,2172.5178571428573,30612,59546,62050,141392,0.43885085436234017,200,14,8,0,7,25,182,5,0.026737967914438502,260633,19551,161,53,5.272232532501221,25.600493478774997,6579,12167,64780,27,5650,18342,45339,24,8204,16126,74811,22,13512,29949,97889,45,8894,21714,65387,32,9650,19112,55493,27,6355,19933,45103,21,3206,4049,37842,10,6,0,0,0,1,0,128,17,9,0,0,0,0,19,10,12,0,1,4,0,0,2,5,0,98,11,17,36,0,6,14,0,0,18
scikit-learn__scikit-learn-13496,scikit-learn/scikit-learn,1,1229,583,625,21,642575,1102.1869639794168,8747,1732417,2771.8672,30614,160378,179128,441688,0.4055532412019344,560,15,16,5,18,54,531,11,0.02029520295202952,1075880,20934,322,241,4.772723078727722,32.15326020717614,8712,25514,132479,37,10283,37925,66014,37,9275,20401,74463,30,10070,29511,117186,36,49032,136613,576984,171,78877,174370,682502,226,9666,14394,54419,37,3213,2960,28370,9,37,28,0,0,11,5,60,181,0,0,0,0,0,57,21,101,0,0,17,0,0,5,40,0,276,49,30,106,0,21,42,0,0,36
scikit-learn__scikit-learn-13779,scikit-learn/scikit-learn,1,460,218,234,8,241617,1108.334862385321,6963,627696,2682.4615384615386,30615,59546,64390,169059,0.3808729496802891,210,16,8,0,7,31,201,5,0.024271844660194174,383900,22837,357,61,4.490750551223755,31.75672135353086,6744,18647,66297,26,7731,30266,57702,28,6190,19225,88115,18,13571,32918,175088,47,10921,24766,77502,38,7572,17215,59661,25,6925,21461,50992,22,4736,4561,52339,14,9,1,13,0,174,4,0,148,2,0,0,0,6,20,10,26,0,0,3,0,0,1,1,0,90,12,18,36,0,3,14,0,0,37
scikit-learn__scikit-learn-14053,scikit-learn/scikit-learn,1,378,177,193,8,242724,1371.322033898305,12195,613018,3176.259067357513,30614,59546,56493,179620,0.314513973944995,169,14,8,0,7,25,165,2,0.011976047904191617,321399,17556,69,50,5.222310662269592,36.14460426568985,6761,15696,75055,23,7638,42657,85021,29,6127,19999,98050,20,9460,29912,117185,25,6855,16360,77881,24,8376,31559,61213,24,8247,20116,51265,23,3029,3321,47348,9,1,1,0,0,1,0,7,59,0,0,0,0,0,27,12,5,0,1,5,0,0,0,0,0,93,8,7,30,0,6,12,0,0,13
scikit-learn__scikit-learn-14087,scikit-learn/scikit-learn,1,769,368,390,11,480921,1306.8505434782608,8787,919226,2356.9897435897437,30614,82694,118806,348253,0.3411485328195306,357,15,10,1,10,44,333,11,0.03197674418604651,594248,16002,207,219,5.352829217910767,42.13820209503173,7947,24614,45740,32,23100,77667,86161,61,11143,23431,105879,31,14797,58517,111485,47,26559,70898,215681,95,24650,60050,244109,69,7433,27614,60154,23,3177,5462,50017,10,24,73,0,0,0,0,92,15,0,3,0,0,0,48,15,59,0,2,8,0,0,4,83,0,134,12,26,89,0,7,37,0,0,52
scikit-learn__scikit-learn-14141,scikit-learn/scikit-learn,1,416,196,212,8,259022,1321.5408163265306,7860,453147,2137.485849056604,30613,59546,57745,193945,0.29773904973059373,188,15,8,0,7,38,182,1,0.00546448087431694,221256,11231,57,64,8.457557916641235,36.0479740858078,5994,11762,43173,22,7826,42770,56547,28,7336,20984,83271,25,6598,23969,81078,25,7964,13152,59971,37,12385,43168,47994,27,6689,35066,44724,22,2953,3074,36389,10,2,34,19,0,0,0,0,0,0,0,0,0,2,39,11,8,0,0,0,0,0,1,5,0,94,12,2,47,0,4,10,0,0,19
scikit-learn__scikit-learn-14496,scikit-learn/scikit-learn,1,458,217,233,8,263032,1212.1290322580646,7188,571954,2454.738197424893,30615,59546,68329,186572,0.36623394721608815,209,14,8,0,7,25,200,3,0.014778325123152709,344734,22022,252,82,5.022360563278198,44.83866459131241,7052,10977,33288,24,11173,44402,49200,37,8504,31813,127104,24,13552,42452,111693,44,8994,20786,79225,32,8060,17666,62290,22,7924,14318,67742,24,3070,4158,41412,10,0,0,0,0,0,0,234,18,0,0,0,0,0,23,12,11,0,6,1,0,0,1,28,0,95,9,11,49,0,6,19,0,0,20
scikit-learn__scikit-learn-14629,scikit-learn/scikit-learn,0,519,246,264,9,296107,1203.6869918699188,8387,646717,2449.685606060606,30615,67000,72374,214516,0.3373827593279755,237,16,9,0,8,32,220,9,0.039301310043668124,364989,11617,197,113,4.817348957061768,33.928775024414016,7573,31282,42803,33,6504,27911,49901,25,6675,34887,94441,21,13100,36008,144776,42,10930,34638,93951,42,17598,32639,129169,50,6447,12749,49293,23,3547,4402,42383,10,10,4,0,0,150,2,2,29,0,0,0,0,0,28,9,44,0,0,10,0,0,0,21,1,99,12,21,56,0,4,14,0,0,31
scikit-learn__scikit-learn-14710,scikit-learn/scikit-learn,1,703,336,357,10,384281,1143.6934523809523,7732,852572,2388.156862745098,30615,74454,105265,266371,0.39518190794042896,327,16,9,0,9,40,303,12,0.0380952380952381,485775,20655,227,194,5.489865779876709,35.64595468044286,9564,21113,66931,36,14725,58247,86275,51,9041,18279,93735,26,12222,41921,157137,43,8818,39719,82962,33,40749,57121,258703,112,7264,26260,65525,26,2882,3711,41304,9,31,1,2,0,7,2,152,30,1,0,0,0,1,28,11,69,0,1,5,0,0,1,42,37,137,14,35,70,0,12,15,0,0,44
scikit-learn__scikit-learn-14894,scikit-learn/scikit-learn,1,402,189,205,8,238828,1263.6402116402116,7270,472575,2305.243902439024,30614,59546,59759,172003,0.3474299866862787,181,14,8,0,7,34,174,2,0.011363636363636364,254423,13878,36,49,5.055043935775757,36.35952595472336,6699,13353,34457,25,9435,29247,63950,31,6128,21505,83503,17,9757,25660,87441,33,6854,20458,57548,25,8665,33269,52741,24,7972,24396,48000,21,4249,4115,44935,13,13,0,0,0,5,2,0,16,0,0,0,0,0,17,9,19,0,2,0,0,0,0,0,2,95,10,10,34,0,6,8,0,0,18
scikit-learn__scikit-learn-14983,scikit-learn/scikit-learn,0,510,243,259,8,313215,1288.9506172839506,7236,599320,2313.976833976834,30616,59546,85790,218306,0.3929804952681099,235,15,8,0,7,39,220,9,0.039301310043668124,339179,14873,75,103,5.871225357055664,38.928599011898015,17189,18548,38792,35,9373,38863,41720,28,9917,25531,112062,27,12697,29773,130085,36,16564,28339,109906,63,8341,38505,67151,24,8428,35464,50325,20,3281,3283,49279,10,15,25,0,0,4,2,0,29,0,0,0,0,0,64,10,20,0,0,1,0,0,3,0,5,97,9,15,42,0,9,7,0,0,56
scikit-learn__scikit-learn-15100,scikit-learn/scikit-learn,1,426,201,217,8,242779,1207.8557213930349,9050,501965,2313.2027649769584,30613,59546,59985,175271,0.3422414432507374,193,14,8,0,7,30,184,8,0.041666666666666664,222362,9399,2,82,5.250688195228577,35.41259952783583,5662,11379,23357,21,10283,26426,40627,30,5133,15534,77622,17,11552,39568,153523,40,12244,42116,68109,40,5428,15476,57179,22,7024,21911,51801,23,2659,2861,29747,8,0,1,0,0,1,0,0,0,0,0,0,0,0,33,9,16,0,1,15,0,0,1,7,0,96,15,16,28,0,2,17,0,0,19
scikit-learn__scikit-learn-25102,scikit-learn/scikit-learn,1,504,240,256,8,368005,1533.3541666666667,8003,797398,3114.8359375,30616,59546,72641,286436,0.2536028990769317,230,14,8,0,7,37,221,8,0.034934497816593885,496126,15628,85,59,5.3384833335876465,52.601567888259886,7831,28081,109079,30,11775,103001,80161,45,9561,23807,150963,27,12888,41702,131672,43,11913,37959,130522,41,8969,20391,78053,22,6688,27101,67714,22,3016,4394,49234,10,5,1,0,0,1,3,0,74,0,0,0,0,1,27,10,20,0,0,1,0,0,1,0,0,113,14,19,37,0,2,29,0,0,16
scikit-learn__scikit-learn-25232,scikit-learn/scikit-learn,1,557,265,283,9,317054,1196.4301886792452,7983,779679,2755.0494699646642,30611,67000,88962,218227,0.4076580808057665,254,14,9,0,8,26,243,9,0.03571428571428571,520742,18335,180,143,5.502605438232422,43.07087310552597,8036,17315,46609,25,11190,38406,47495,34,10373,24606,99608,26,20248,42008,117774,51,9130,26857,126202,34,21350,52831,222016,64,5561,12976,67265,21,3074,3228,52710,10,21,0,0,0,10,0,129,20,0,0,0,0,0,79,13,34,0,0,5,0,0,1,10,1,111,13,16,42,0,6,27,0,0,39
scikit-learn__scikit-learn-25747,scikit-learn/scikit-learn,0,486,231,247,8,350646,1517.948051948052,6696,716008,2898.817813765182,30614,59546,73063,268921,0.2716894552675321,223,14,8,0,7,38,209,11,0.05,427423,22435,171,59,5.11999773979187,40.949353492259974,9427,24091,55830,33,16883,48187,122059,45,8251,27062,136251,24,11533,28258,121678,37,9554,67459,103988,37,7094,38058,73367,22,7155,31184,60025,23,3166,4622,42810,10,12,30,0,0,9,4,10,104,2,0,0,0,0,16,8,14,0,1,0,0,0,0,20,0,118,15,18,29,0,5,23,0,0,15
scikit-learn__scikit-learn-25931,scikit-learn/scikit-learn,1,489,231,249,9,392696,1699.982683982684,12551,738670,2966.5461847389556,30614,67000,79663,304385,0.26171789017198616,222,17,9,0,8,37,211,7,0.03211009174311927,411559,12577,56,95,5.580156207084656,51.3328209400177,8639,14290,45240,29,9126,56240,76964,28,12521,34157,150467,28,10725,34088,115626,33,13057,54957,79170,30,17336,90313,178167,55,5822,17267,65412,20,2437,3073,27624,8,6,6,0,0,33,2,0,9,0,0,0,0,0,41,10,25,0,0,2,0,0,2,15,0,111,12,16,44,0,6,9,0,0,24
scikit-learn__scikit-learn-25973,scikit-learn/scikit-learn,1,528,252,268,8,298734,1185.452380952381,6423,699469,2609.958955223881,30615,59546,70662,218609,0.3232346335237799,244,17,8,0,7,47,229,8,0.03375527426160337,435829,12632,66,81,4.711195230484009,35.83280301094055,12836,53127,91162,54,9859,38679,80376,38,9691,19638,134592,30,9199,24913,127049,43,6699,23064,87851,25,11754,20089,73453,28,6830,34608,59732,22,3794,4491,45254,12,20,0,0,0,8,4,4,29,0,0,0,0,1,31,8,13,0,1,6,0,0,0,22,0,126,10,19,24,0,3,36,0,0,26
scikit-learn__scikit-learn-26194,scikit-learn/scikit-learn,0,426,201,217,8,258351,1285.3283582089553,8810,540012,2488.5345622119817,26375,59546,56825,194003,0.292907841631315,193,14,8,0,7,19,188,2,0.010526315789473684,355347,26331,33,54,4.704454064369202,40.865476417541494,6861,14650,37200,25,7546,27662,49104,31,7671,51807,84289,23,8811,24741,154445,33,8010,21967,75696,31,8477,19320,59543,25,6280,30184,48776,21,3169,3672,30959,12,4,4,0,0,0,0,0,25,0,0,0,0,0,18,9,6,0,2,12,0,0,1,0,6,84,10,7,49,0,5,8,0,0,30
scikit-learn__scikit-learn-26323,scikit-learn/scikit-learn,1,458,217,233,8,324763,1496.6036866359448,10452,638115,2738.6909871244634,30614,59546,65325,251308,0.259939993951645,209,15,8,0,7,26,199,4,0.019704433497536946,366690,11820,44,77,4.356647372245789,36.24556255340576,6128,14731,40789,25,11244,51199,42351,34,9838,30967,112316,30,7941,34228,120658,32,10686,37502,98305,35,8116,54703,75053,25,8151,21717,88071,24,3221,6261,60572,12,4,11,0,0,4,0,0,24,0,0,0,0,1,18,8,15,0,6,1,0,0,0,29,0,85,10,17,47,0,2,20,0,0,28
scikit-learn__scikit-learn-9288,scikit-learn/scikit-learn,1,456,216,232,8,306298,1418.0462962962963,8804,643926,2775.543103448276,30614,59546,67513,230693,0.2926530063764397,208,15,8,0,7,31,201,5,0.024271844660194174,382234,12501,51,58,5.615144729614258,44.18091855049133,9354,27610,62759,32,8934,26880,44177,23,7216,53668,95186,22,15504,36711,169230,56,6739,23263,92597,28,8608,42681,70312,23,8063,15960,62625,22,3095,3920,47040,10,6,20,0,0,2,0,4,19,0,0,0,0,0,30,9,19,0,0,0,0,0,0,0,0,96,13,18,30,0,5,26,0,0,20
sphinx-doc__sphinx-10323,sphinx-doc/sphinx,1,1545,736,785,24,989270,1344.116847826087,9486,2924114,3724.9859872611464,30613,181954,252270,709588,0.35551615867235636,707,17,19,4,23,56,673,15,0.02180232558139535,1561270,29707,122,260,5.184252023696899,39.972151756286614,10564,44260,85768,39,13152,76788,101641,47,9045,26893,163721,28,14345,50907,237486,45,56736,209275,703068,183,137314,281652,1518920,360,8213,15615,78983,24,2901,4198,34527,10,12,3,0,0,2,0,13,71,9,0,0,4,8,64,26,94,0,4,42,0,0,1,27,2,324,64,47,169,0,29,34,0,0,40
sphinx-doc__sphinx-10435,sphinx-doc/sphinx,0,566,271,287,8,349324,1289.018450184502,7979,787674,2744.5087108013936,30613,59546,83334,255829,0.32574102232350516,263,17,8,0,7,33,253,7,0.026923076923076925,466931,28240,17,91,5.073880672454834,39.920490229129754,9812,49024,53735,36,7413,38992,74523,31,8282,20446,88314,21,20216,27500,196417,66,16951,37749,151765,57,11125,39491,96980,26,6091,39191,78209,23,3444,3436,47731,11,4,3,5,1,0,0,0,0,2,0,0,0,2,29,9,45,0,4,3,0,0,0,1,0,105,12,27,65,0,5,13,0,0,36
sphinx-doc__sphinx-10449,sphinx-doc/sphinx,1,484,230,246,8,319774,1390.3217391304347,9870,748383,3042.2073170731705,30613,59546,77164,233986,0.3297804142128162,222,15,8,0,7,28,211,8,0.0365296803652968,468800,18551,46,101,5.4688074588775635,39.80862936973572,9041,28254,108999,37,16459,64145,77089,37,9379,26617,127043,21,12537,41306,154004,44,6440,22558,88279,28,12015,20974,91106,28,7617,25711,56837,23,3676,4421,45026,12,1,4,0,0,2,0,15,19,4,0,0,0,1,75,9,11,0,3,2,0,0,0,0,1,91,14,20,48,0,2,19,0,0,28
sphinx-doc__sphinx-10466,sphinx-doc/sphinx,1,458,217,233,8,329048,1516.3502304147466,13736,712130,3056.3519313304723,30614,59546,67381,253536,0.26576501956329673,209,15,8,0,7,33,195,9,0.04411764705882353,436592,16982,10,89,4.851779818534851,45.42742359638214,9802,35796,81383,36,8027,50877,82341,24,7074,21873,87115,20,13546,41823,170955,49,7066,26720,94722,24,9374,47382,78244,27,9629,25056,64506,27,2863,4009,52864,10,1,1,0,0,0,0,1,5,0,1,0,0,1,20,9,18,0,8,9,0,0,0,25,0,107,13,16,49,0,7,11,0,0,6
sphinx-doc__sphinx-10614,sphinx-doc/sphinx,0,656,316,332,8,407030,1288.0696202531647,7341,847167,2551.7078313253014,30614,59546,89033,304385,0.2925012730587907,308,18,8,0,7,49,293,11,0.03618421052631579,564276,17155,63,104,4.797795057296753,37.50050718784333,10678,82810,125541,39,15706,41414,94332,62,8691,23620,113983,33,10935,36430,124796,36,24146,58173,206009,82,8716,40774,73447,27,7350,17397,64158,28,2811,3767,44901,9,4,44,2,0,5,0,1,4,0,2,0,0,1,24,8,43,0,2,6,0,0,0,21,0,152,11,28,54,0,11,33,0,0,19
sphinx-doc__sphinx-10673,sphinx-doc/sphinx,1,528,252,268,8,303627,1204.8690476190477,13977,678074,2530.126865671642,30616,59546,68935,225230,0.3060649114238778,244,15,8,0,7,37,230,13,0.053497942386831275,392981,18024,50,55,4.605949401855469,35.99105966091156,8097,17463,57790,34,12779,52413,62402,39,9052,35483,165899,35,9973,37513,130206,45,10202,22343,103932,41,8942,31408,71042,27,6514,24779,48341,20,3376,3828,38462,11,14,13,0,0,4,0,0,0,18,0,0,0,1,17,8,28,0,0,2,0,0,0,0,0,107,17,31,42,0,6,8,0,0,33
sphinx-doc__sphinx-11445,sphinx-doc/sphinx,1,709,341,359,9,366438,1074.5982404692081,7081,801039,2231.3064066852367,30615,67000,100274,253335,0.39581581700120394,332,20,9,0,8,31,299,26,0.08,549757,15870,55,130,4.871968746185303,29.707501065731055,14721,37896,78365,52,12895,32690,114003,52,12404,44681,123381,45,11139,25970,93204,43,12884,30362,108783,47,22366,61305,158168,61,10419,16382,64580,28,3446,4049,60555,13,4,31,9,0,1,0,0,1,0,1,0,0,8,44,14,66,0,0,5,0,0,1,0,0,171,15,32,64,0,3,28,0,0,19
sphinx-doc__sphinx-11510,sphinx-doc/sphinx,0,674,325,341,8,304963,938.3476923076923,6295,856764,2512.5043988269795,28180,59546,90102,202665,0.4445858929760936,313,19,8,0,7,28,296,8,0.02631578947368421,615542,17553,23,73,4.274040699005127,27.275587797164885,7756,22238,75623,34,13737,29825,124391,48,17999,26083,141467,59,15294,29995,143953,57,11845,37077,152506,45,6759,15049,69358,17,13710,38599,102071,55,3002,3799,47395,10,0,11,0,0,3,0,0,7,2,0,0,0,0,35,12,25,0,0,0,0,0,0,0,1,118,26,63,69,0,7,10,0,0,20
sphinx-doc__sphinx-7440,sphinx-doc/sphinx,1,749,361,379,9,324277,898.2742382271468,5897,948478,2502.580474934037,30613,67000,98701,211985,0.465603698374885,352,17,9,0,8,32,338,7,0.020289855072463767,709647,23889,42,105,4.598312616348267,35.17535556554795,8439,28250,62034,32,11869,49649,127607,43,8562,21408,97744,28,25340,32021,206733,96,15121,35244,151203,67,16539,23535,191335,49,9770,18409,72147,37,3061,3469,39675,9,3,14,4,0,13,0,0,0,3,0,0,0,5,20,9,61,0,1,6,0,0,0,3,5,147,11,42,36,0,6,42,0,0,68
sphinx-doc__sphinx-7454,sphinx-doc/sphinx,1,842,400,428,14,487853,1219.6325,8479,1432462,3346.873831775701,30616,106628,122380,350554,0.3491045602104098,384,16,11,3,13,67,359,13,0.03494623655913978,1009808,18618,178,178,5.124876022338867,39.482838106155384,20699,78005,140383,77,9266,56477,71394,36,8029,17302,144258,21,16058,33145,182395,52,31234,64623,438529,105,27615,84045,346267,79,6146,13391,71940,20,3333,3566,37296,10,2,6,0,0,0,0,7,2,0,160,0,0,1,45,25,51,0,1,22,0,0,0,34,0,190,15,26,75,0,14,16,0,0,48
sphinx-doc__sphinx-7462,sphinx-doc/sphinx,0,474,225,241,8,267294,1187.9733333333334,8085,737914,3061.883817427386,30613,59546,63338,194987,0.3248319118710478,217,17,8,0,7,27,201,13,0.06074766355140187,460375,27196,76,65,4.732811689376831,38.008081305027,7371,13721,58867,27,8148,43904,50995,31,6333,19182,110880,22,8670,20866,154836,33,13925,39910,128165,55,8332,39210,101322,26,7782,14456,90853,21,2777,3738,41996,10,26,10,1,0,0,0,1,0,0,38,0,0,0,23,8,23,0,0,9,0,0,1,0,1,95,26,15,50,0,7,3,0,0,21
sphinx-doc__sphinx-7590,sphinx-doc/sphinx,0,1274,614,645,15,683846,1113.755700325733,9696,1717880,2663.3798449612405,30617,113296,201275,459589,0.4379456427373153,596,16,12,2,14,40,557,24,0.04130808950086059,1298778,22870,10,205,6.075294733047485,41.61945018768308,8351,35528,66438,36,8665,44648,66190,35,11601,27786,103860,33,14525,40510,171356,46,57887,156597,393888,207,90142,118882,739715,224,6260,31714,107049,21,3844,3924,69384,12,5,0,0,0,1,0,0,0,0,2,0,0,2,39,16,113,0,3,29,0,0,3,0,2,198,24,57,110,0,19,78,0,0,110
sphinx-doc__sphinx-7748,sphinx-doc/sphinx,0,672,324,340,8,417447,1288.4166666666667,11267,940717,2766.814705882353,30614,59546,96810,308478,0.3138311322039173,315,18,8,0,7,35,301,13,0.041401273885350316,648531,17839,62,94,4.973672866821289,38.25523571968078,11645,45264,66162,54,9107,27762,94085,34,11817,51318,162366,32,16829,35685,209371,62,24711,74781,181226,79,8788,53937,91074,24,9513,13924,69559,26,4400,5807,66874,13,8,44,0,2,1,0,2,0,0,2,0,0,3,19,10,56,0,0,0,0,0,0,2,7,112,20,34,82,0,9,25,0,0,33
sphinx-doc__sphinx-7757,sphinx-doc/sphinx,1,466,221,237,8,263482,1192.2262443438915,8641,721423,3043.9789029535864,30614,59546,60676,194524,0.3119203800045239,213,17,8,0,7,29,193,16,0.07655502392344497,404354,17502,33,57,4.434224486351013,33.83447306156148,11745,24034,54076,47,7048,35543,49388,31,6743,20684,92265,19,13294,37197,169360,47,6962,33610,121378,28,6431,24839,99380,21,6216,14763,99846,20,2237,3854,35730,8,3,1,0,0,8,0,4,4,0,11,0,0,2,17,8,21,0,0,1,0,0,0,10,0,112,11,18,43,0,3,9,0,0,17
sphinx-doc__sphinx-7889,sphinx-doc/sphinx,1,454,215,231,8,316893,1473.9209302325582,8139,628978,2722.848484848485,30613,59546,62672,246167,0.2545913952723151,207,15,8,0,7,43,194,8,0.039603960396039604,403128,14641,383,43,4.914502024650574,38.977645862102506,8674,34910,62087,30,10415,63194,59490,39,7318,60448,119508,28,11416,27678,142406,39,8018,25337,88379,27,6104,16607,66909,20,6317,14737,42429,20,4410,3256,47770,12,18,0,22,0,13,0,322,0,2,0,0,0,6,18,9,14,0,0,0,0,0,0,2,0,117,12,15,26,0,5,17,0,0,15
sphinx-doc__sphinx-7910,sphinx-doc/sphinx,0,576,276,292,8,356239,1290.7210144927535,12421,719740,2464.8630136986303,30613,59546,78220,267435,0.2924822854151476,268,15,8,0,7,33,238,23,0.08812260536398467,494842,17564,198,120,5.22638463973999,43.18942096233371,8595,31509,67663,32,13352,60570,80533,44,7477,23498,78732,19,11469,38789,129668,44,20658,71581,166520,80,5859,23274,80559,22,7868,14293,75480,25,2942,3921,40585,10,50,49,3,0,9,3,0,0,82,1,0,0,1,29,8,33,0,2,12,0,0,1,1,34,104,9,19,73,0,3,13,0,0,47
sphinx-doc__sphinx-7985,sphinx-doc/sphinx,0,1208,583,611,14,672580,1153.6535162950258,7949,1906599,3120.4566284779053,30612,105842,172618,478216,0.3609624102915837,562,18,12,3,13,63,500,40,0.07407407407407407,1453047,23221,131,187,4.070770025253296,31.135751736164067,10922,45429,106912,50,12239,56595,97051,40,13864,41498,191252,49,12558,35710,198858,51,62525,187183,606902,219,48529,72867,561236,141,8706,35614,89821,25,3275,3320,54567,8,4,0,0,0,0,0,1,0,71,0,4,0,51,31,15,127,0,0,11,0,0,0,3,0,214,20,71,143,0,27,14,0,0,73
sphinx-doc__sphinx-8035,sphinx-doc/sphinx,1,566,271,287,8,343816,1268.6937269372693,8323,655840,2285.156794425087,30614,59546,77992,255792,0.30490398448739603,259,16,8,0,7,35,239,16,0.06274509803921569,423257,14516,29,78,4.788226842880249,38.42599623203277,11361,49693,56363,48,9811,44979,60111,36,9141,22848,103782,31,16881,36920,112617,53,13151,39427,110755,45,8035,43037,84049,25,6564,14636,68789,22,3048,4252,59374,11,6,1,7,0,3,0,1,2,4,0,0,0,5,21,8,44,0,2,1,0,0,1,0,1,115,10,31,30,0,2,40,0,0,31
sphinx-doc__sphinx-8056,sphinx-doc/sphinx,1,538,257,273,8,342807,1333.8793774319065,11407,757230,2773.736263736264,30615,59546,80221,252936,0.31715928139924726,248,15,8,0,7,33,236,8,0.03278688524590164,407448,15412,38,86,4.028826951980591,34.08060550689697,12835,20465,83886,41,11776,41890,65703,45,8360,25894,153015,27,13292,71262,141166,49,9495,33662,94693,37,12227,25115,82111,26,8345,30421,85963,22,3891,4227,50693,10,12,19,0,0,3,0,1,3,0,0,0,0,0,45,12,24,0,2,1,0,0,0,2,0,96,20,38,39,0,1,16,0,0,38
sphinx-doc__sphinx-8120,sphinx-doc/sphinx,1,1345,644,682,19,712248,1105.975155279503,10149,1813131,2658.549853372434,30613,143898,200506,487678,0.41114423861646415,619,18,18,2,18,31,584,19,0.03150912106135987,1270554,25690,49,276,5.015540361404419,34.2020112276077,8534,26651,60237,31,11363,33810,57310,30,10218,25561,82180,29,17579,45107,129594,64,50960,149678,463507,176,90260,184136,924371,280,8536,18704,61709,26,3056,4031,34223,8,8,28,2,0,2,0,2,0,0,2,0,0,5,62,21,152,0,8,24,0,0,2,0,7,268,27,40,143,0,29,77,0,0,35
sphinx-doc__sphinx-8265,sphinx-doc/sphinx,1,486,231,247,8,266426,1153.3593073593074,5943,643557,2605.493927125506,30614,59546,67429,190332,0.3542704327175672,223,16,8,0,7,36,210,3,0.014084507042253521,355314,9865,70,55,5.06532895565033,33.62545022964477,10166,21456,83896,39,10036,44364,71808,36,8464,18655,112399,24,11823,20544,113575,36,10852,29170,95582,43,5705,16148,72979,20,7565,36700,53342,23,2818,3295,39976,10,1,50,4,0,3,0,8,2,0,1,0,0,1,18,8,17,0,0,4,0,0,2,4,2,104,11,17,44,0,7,5,0,0,35
sphinx-doc__sphinx-8269,sphinx-doc/sphinx,1,527,250,268,9,313643,1254.572,17055,1025711,3827.2798507462685,30616,67000,75561,228825,0.3302130449033104,238,18,9,0,8,33,229,6,0.02553191489361702,628858,27680,13,98,5.3083412647247314,51.33989634513853,7301,41414,101591,26,5206,40476,79320,21,7157,23409,111056,25,8969,28734,167575,34,16867,25150,130642,57,20711,42197,301401,59,6138,24422,101774,20,3212,3023,32352,8,4,2,1,0,1,2,0,1,2,0,0,0,0,23,14,47,0,2,10,0,0,1,1,0,124,18,15,46,0,11,5,0,0,19
sphinx-doc__sphinx-8459,sphinx-doc/sphinx,1,498,237,253,8,286561,1209.1181434599157,7097,729753,2884.399209486166,30615,59546,65624,212047,0.30947855899871257,229,15,8,0,7,33,217,9,0.03982300884955752,450889,28758,75,54,4.573225259780884,29.30494600534439,9420,31973,108159,37,8013,38045,63267,31,8982,18365,105783,30,8802,36250,140795,36,14035,24263,125454,47,6254,18018,70517,22,7484,41276,69338,25,2634,3857,46440,9,9,2,0,0,22,5,16,14,6,0,0,0,1,16,8,26,0,0,1,0,0,1,2,0,109,18,26,33,0,6,10,0,0,27
sphinx-doc__sphinx-8475,sphinx-doc/sphinx,1,692,331,351,10,377202,1139.583081570997,7841,921069,2624.128205128205,30613,75240,106589,258218,0.4127868700090621,320,21,9,1,9,25,301,14,0.044444444444444446,621149,14997,42,173,5.192927956581116,37.589304745197296,6957,18042,69592,21,14751,39554,111894,47,7379,18023,123767,25,14345,35757,139490,39,35053,81162,208662,114,13783,34926,151195,44,9850,26179,64099,28,4471,4575,52370,13,5,26,0,0,3,2,0,0,3,0,0,0,3,42,14,61,0,1,17,0,0,1,2,35,132,19,13,56,0,11,53,0,0,36
sphinx-doc__sphinx-8548,sphinx-doc/sphinx,0,761,367,385,9,413251,1126.024523160763,11360,909307,2361.836363636364,30613,67000,116476,282980,0.4116050604282988,358,15,9,0,8,29,334,16,0.045714285714285714,630115,17308,29,142,4.915608763694763,33.218022763729095,10822,29614,76799,43,11640,39056,58627,35,13807,31333,120207,49,15779,49646,158898,52,30898,59857,156450,95,24296,51450,242117,67,5656,17648,48831,16,3578,4376,47378,10,1,8,4,0,9,0,2,5,0,0,0,0,0,65,10,31,0,2,4,0,0,0,0,30,113,17,61,65,0,7,24,0,0,71
sphinx-doc__sphinx-8551,sphinx-doc/sphinx,1,635,304,322,9,321708,1058.25,8420,1017693,3160.5372670807456,30614,67000,94155,216131,0.4356385710518158,295,19,9,0,8,27,281,11,0.03767123287671233,734397,20228,31,139,4.582343578338623,35.73546092510223,10464,20649,69962,42,13217,21721,91989,42,14205,29159,180293,47,12088,31596,164150,47,10439,40477,132243,35,18667,52334,218493,51,10362,15060,103877,28,4713,5135,56686,12,3,14,0,0,2,0,1,3,0,0,0,0,8,30,10,39,0,4,8,0,0,4,44,0,138,16,41,45,0,10,18,0,0,27
sphinx-doc__sphinx-8593,sphinx-doc/sphinx,1,570,273,289,8,314706,1152.7692307692307,8241,830035,2872.093425605536,30614,59546,82264,222184,0.3702516832895258,265,17,8,0,7,36,245,11,0.04296875,602246,25798,29,81,4.696245551109314,33.70854885578155,14914,29238,83242,52,9169,27672,114931,35,9608,26740,122633,28,17770,64825,142725,53,8977,14000,115358,30,6185,34566,88412,22,12297,22142,133243,45,3344,3001,29491,8,3,11,2,0,6,0,2,2,0,1,0,0,2,31,8,28,0,1,13,0,0,0,0,0,131,9,29,35,0,9,19,0,0,33
sphinx-doc__sphinx-8595,sphinx-doc/sphinx,0,582,279,295,8,297407,1065.9749103942652,8608,746487,2530.464406779661,30614,59546,78779,208141,0.3784886206946253,271,16,8,0,7,32,263,5,0.018656716417910446,371427,14868,41,67,4.676440477371216,36.91592425107955,11995,38516,55737,45,12978,26765,85928,41,10075,25753,223132,33,15779,46443,136856,59,9290,25662,84054,38,7575,25499,58400,22,8184,16247,68140,30,2903,3256,34240,11,4,16,2,0,5,0,1,7,4,0,0,0,2,17,9,38,0,0,1,0,0,1,0,1,122,16,41,30,0,5,38,0,0,19
sphinx-doc__sphinx-8621,sphinx-doc/sphinx,1,633,300,322,11,423886,1412.9533333333334,7971,972425,3019.9534161490683,30613,81690,100201,312441,0.32070374886778624,289,14,11,0,10,42,264,11,0.04,654848,25364,112,145,4.2940919399261475,38.54548065662383,14102,44786,127695,52,30502,109240,235613,79,11415,35099,195933,36,15330,39922,149438,51,6718,23890,66923,27,11332,38845,70611,24,7297,16300,77491,22,3505,4359,48721,9,12,63,1,0,23,0,7,1,1,1,0,0,3,85,15,35,0,0,2,0,0,1,7,0,141,14,20,41,0,8,33,0,0,32
sphinx-doc__sphinx-8638,sphinx-doc/sphinx,0,800,388,404,8,430156,1108.6494845360826,9605,1072510,2654.727722772277,30614,59546,104163,311386,0.33451407577733105,379,15,8,0,7,26,359,17,0.04521276595744681,701326,21851,36,138,5.4431986808776855,36.93307027816771,12934,44976,139264,51,15051,89708,84297,57,7143,25245,201536,27,15748,31804,161436,52,34667,72059,230635,140,7003,22524,99179,25,7874,19907,106541,26,3743,5163,49622,10,5,5,2,0,11,0,2,8,1,1,0,0,1,30,8,45,0,1,4,0,0,0,4,46,139,44,54,78,0,10,20,0,0,34
sphinx-doc__sphinx-8721,sphinx-doc/sphinx,1,520,248,264,8,316809,1277.4556451612902,11384,696221,2637.2007575757575,30612,59546,76049,231452,0.32857352712441457,240,15,8,0,7,34,226,10,0.0423728813559322,393008,19091,23,106,4.5172507762908936,36.09501712322235,9575,36337,117046,40,18367,54976,78220,53,7960,23781,72100,26,11248,37833,115948,38,8969,21628,97313,31,8742,36970,95034,25,7902,15980,77455,25,3286,3947,43105,10,5,4,3,0,6,4,0,0,0,0,0,1,0,46,13,37,0,4,5,0,0,0,1,0,126,17,27,33,0,8,5,0,0,24
sphinx-doc__sphinx-9230,sphinx-doc/sphinx,1,572,274,290,8,305654,1115.5255474452554,9183,787099,2714.134482758621,30614,59546,99279,196098,0.5062723740170731,265,15,9,0,7,18,252,7,0.02702702702702703,467972,17047,98,171,4.916041374206543,34.78292756080623,11281,24170,76726,40,11243,44490,77917,28,9203,25453,133952,26,35309,32559,148585,75,14528,31206,145937,44,5517,17682,80534,24,8299,16783,64481,24,3899,3755,58967,13,6,11,0,0,2,0,1,76,1,0,0,0,1,113,9,38,0,0,3,0,0,0,7,1,88,9,33,73,0,6,26,0,0,30
sphinx-doc__sphinx-9258,sphinx-doc/sphinx,1,578,277,293,8,297415,1073.7003610108304,8117,760220,2594.6075085324233,30613,59546,78501,208504,0.3764963741702797,269,15,8,0,7,33,249,8,0.0311284046692607,465488,17732,25,74,4.8775471448898315,34.4218772649765,10008,37024,115716,42,9094,64182,74667,41,8150,20724,145626,22,23458,33403,164813,87,7734,21144,74108,28,8026,14038,68492,22,7395,14307,65924,23,4636,3682,50874,12,4,0,0,0,0,0,1,11,0,5,0,0,4,34,9,25,0,4,1,0,0,0,1,0,114,28,39,61,0,8,7,0,0,12
sphinx-doc__sphinx-9281,sphinx-doc/sphinx,1,448,212,228,8,257856,1216.301886792453,9623,684187,3000.8201754385964,30614,59546,62942,186993,0.33660083532538654,203,14,9,0,7,19,191,9,0.045,441742,25824,131,52,4.227368116378784,32.06097626686096,8351,17950,56598,32,9900,38039,99897,30,9628,25651,105680,28,9782,37229,146025,30,9389,26041,88284,35,5891,23400,67218,23,6374,14923,71447,23,3627,3760,49038,11,0,82,0,0,13,0,17,14,4,1,0,0,0,22,8,14,0,1,0,0,0,1,3,3,87,14,14,57,0,6,10,0,0,15
sphinx-doc__sphinx-9320,sphinx-doc/sphinx,1,450,213,229,8,297743,1397.8544600938967,9217,710127,3100.991266375546,34068,59546,62483,227280,0.2749164026751144,205,14,8,0,7,32,193,8,0.03980099502487562,397804,23844,43,62,5.416608572006226,35.32918955087659,6903,28625,143658,25,7718,46619,88299,29,7742,20863,84519,21,8959,38911,127066,31,15142,29364,109471,54,6248,44826,68759,22,7259,14712,45154,22,2512,3360,43201,9,1,19,3,0,0,0,0,3,0,0,0,17,0,17,8,19,0,3,9,0,0,0,0,6,100,15,9,49,0,5,3,0,0,24
sphinx-doc__sphinx-9367,sphinx-doc/sphinx,1,364,170,186,8,188473,1108.664705882353,5942,492424,2647.440860215054,30613,59546,51095,131033,0.38993993879404426,162,16,8,0,7,26,153,6,0.03773584905660377,287086,18449,62,37,5.0180418491363525,27.79802737236023,6361,13961,44843,24,6550,21265,56855,23,7437,17988,79199,19,8837,28619,114123,29,5589,12050,49852,17,7028,20222,65471,26,6629,14172,47112,22,2664,2756,34969,10,1,57,1,0,0,0,1,0,0,1,0,0,1,16,11,8,0,0,0,0,0,1,1,0,91,10,6,36,0,5,2,0,0,12
sphinx-doc__sphinx-9461,sphinx-doc/sphinx,0,644,310,326,8,350987,1132.216129032258,10254,870647,2670.696319018405,30612,59546,89391,249932,0.3576612838692124,302,17,8,0,7,19,292,10,0.033112582781456956,629498,26275,93,71,4.3174896240234375,29.340933084487894,10248,37113,84262,43,9006,42936,81798,38,11501,33426,127176,36,18810,41726,123269,60,20786,54717,204667,75,7576,19891,109203,22,8095,15527,82464,24,3369,4596,57808,12,2,9,9,7,4,0,28,29,4,0,0,0,1,17,8,40,0,0,1,0,0,2,2,1,112,30,41,62,0,7,16,0,0,34
sphinx-doc__sphinx-9591,sphinx-doc/sphinx,1,705,339,357,9,348400,1027.7286135693216,9575,928473,2600.764705882353,30616,67000,108203,227527,0.4755611421941132,327,16,9,0,7,36,309,13,0.040372670807453416,669805,18264,154,111,4.1467039585113525,36.2053867936134,11868,37563,131215,52,13372,45696,70922,30,9319,19377,125407,33,17399,32815,139677,60,22030,21771,148906,56,23905,36401,186282,74,6384,29508,57475,21,3926,4396,68589,13,9,61,10,0,14,2,28,13,5,11,0,0,1,45,9,47,0,4,3,0,0,0,3,0,139,36,53,43,4,13,12,0,0,27
sphinx-doc__sphinx-9602,sphinx-doc/sphinx,0,645,309,327,9,405494,1312.2783171521035,76274,947983,2899.0305810397554,30614,67000,87639,306242,0.2861756388738318,299,18,9,0,8,30,281,9,0.03103448275862069,685114,23109,47,96,4.657604217529297,35.26466802358627,10944,24261,91340,41,14694,53508,109291,56,9058,26337,146049,28,14883,110495,139812,56,7501,38101,143218,32,17397,34102,178574,50,10165,15071,88380,36,2997,4367,51319,10,9,17,2,0,5,2,3,2,2,5,0,0,0,26,9,51,0,1,7,0,0,1,1,0,136,16,33,64,0,9,22,0,0,19
sphinx-doc__sphinx-9658,sphinx-doc/sphinx,1,458,217,233,8,300964,1386.930875576037,10247,765025,3283.3690987124464,30614,59546,65636,227198,0.2888933881460224,209,15,8,0,7,31,196,11,0.05314009661835749,470410,14242,91,72,4.537318587303162,43.86778336763382,10001,35529,102645,37,9385,51532,71581,29,8494,22845,134646,27,9783,35007,156549,31,8630,45748,119605,36,8261,17033,72355,23,7329,14162,62213,24,3753,5342,45431,10,41,2,17,0,22,1,3,2,1,0,0,0,2,29,8,22,0,0,1,0,0,0,12,0,111,9,14,38,0,6,6,0,0,25
sphinx-doc__sphinx-9673,sphinx-doc/sphinx,1,990,477,501,12,504718,1058.1090146750523,9287,1155001,2305.39121756487,30614,90148,142712,344165,0.41466157221100347,461,20,11,1,11,55,425,31,0.06798245614035088,829386,25317,86,179,5.706904768943787,36.60811024904251,11731,52608,58841,44,12318,50907,92023,55,13981,29171,132420,42,17768,35242,129258,59,27331,77894,217787,110,49972,80085,404435,134,5779,14518,55410,21,3832,3740,64827,12,3,23,0,0,4,0,24,24,7,0,0,0,1,36,12,98,0,0,10,0,0,1,21,1,219,17,45,71,0,17,52,0,0,40
sphinx-doc__sphinx-9698,sphinx-doc/sphinx,1,508,242,258,8,240862,995.297520661157,6803,545981,2116.205426356589,30614,59546,73580,158200,0.46510745891276867,234,16,8,0,7,23,220,11,0.047619047619047616,332331,20053,34,114,5.269971609115601,31.42119526863098,7039,17539,37735,29,9778,26515,56148,36,7373,14268,90736,25,16971,29721,118621,60,8080,19411,88072,25,10638,29984,72648,26,10718,17353,38620,29,2983,3409,43401,12,5,8,0,0,9,0,0,10,0,0,0,0,2,37,12,37,0,0,1,0,0,1,24,2,99,9,24,49,0,7,18,0,0,28
sphinx-doc__sphinx-9711,sphinx-doc/sphinx,1,462,219,235,8,275902,1259.8264840182649,12503,513963,2187.076595744681,24389,59546,71546,196149,0.36475332527823234,211,15,8,0,7,26,199,7,0.03398058252427184,322618,19005,5,94,4.756701111793518,34.60376011133191,9811,30816,55397,32,9619,51125,81165,35,8677,24371,62466,28,16083,21761,89573,39,7835,22984,71803,29,9092,30007,53516,23,7620,11425,61416,23,2809,3660,38627,10,2,0,1,0,0,0,0,0,0,0,0,0,2,56,10,20,0,3,2,0,0,1,2,0,91,8,28,45,0,7,8,0,0,24
sympy__sympy-11618,sympy/sympy,1,542,259,275,8,242075,934.6525096525097,6294,626327,2277.552727272727,30613,59546,67524,164825,0.4096708630365539,251,16,8,0,7,21,242,5,0.020242914979757085,354615,28795,180,60,4.476308584213257,27.866108250617973,7104,20107,73906,22,7681,31519,43919,29,7169,19606,127619,28,10774,31733,129006,39,17860,28337,111391,85,6991,18026,63075,24,5939,12440,38757,20,4006,3057,38654,12,2,1,0,0,2,0,18,157,0,0,0,0,0,18,8,32,0,0,1,0,0,1,0,0,96,10,11,66,0,3,19,1,0,45
sympy__sympy-12096,sympy/sympy,1,1023,483,521,19,595887,1233.72049689441,8832,1468885,2819.3570057581574,30615,145470,151001,426812,0.35378808468365464,464,16,14,5,18,38,428,21,0.0467706013363029,898911,28302,651,182,4.410230398178101,36.70239313840865,7777,32937,55390,27,7585,40913,46101,33,7209,19393,91128,24,14734,44457,134618,51,47509,134151,507064,161,55505,126335,511855,154,7469,25062,89107,23,3213,3564,33622,10,12,2,8,0,203,1,179,152,94,0,0,0,0,51,23,75,0,10,18,0,0,2,2,1,201,29,36,143,0,12,11,0,0,32
sympy__sympy-12419,sympy/sympy,1,700,338,354,8,308045,911.3757396449704,7970,810916,2290.723163841808,30616,59546,86641,208713,0.41512028479299323,329,15,8,0,7,29,311,13,0.040123456790123455,526957,15543,115,92,4.5793068408966064,29.93210296630859,11780,21574,80245,52,9779,33295,58058,42,10584,27525,127949,44,17731,51772,216871,69,16518,39591,145860,69,9433,19324,84995,28,7028,12703,59201,24,3788,2929,37737,10,18,26,26,0,2,0,15,27,0,0,0,1,0,23,9,50,0,0,9,0,0,1,0,0,114,11,37,97,0,9,15,1,0,45
sympy__sympy-12481,sympy/sympy,1,523,248,266,9,278561,1123.2298387096773,6489,608822,2288.8045112781956,30616,67000,75908,193359,0.3925754684291913,239,17,9,0,8,31,225,9,0.038461538461538464,345481,12127,630,64,4.514665365219116,32.66560199260711,8706,30159,41315,32,7782,20889,48438,28,8184,15817,87411,27,10915,34075,110791,43,8041,23891,77676,24,21440,50199,141920,59,8033,14474,61503,24,2807,3855,39768,11,4,5,0,0,0,0,4,617,0,0,0,0,0,20,10,27,0,4,1,0,0,0,2,0,109,15,26,56,0,8,8,0,0,17
sympy__sympy-12489,sympy/sympy,1,730,353,369,8,412400,1168.271954674221,10098,813915,2205.731707317073,30616,59546,102067,297035,0.34361943878667495,345,19,8,0,7,28,314,21,0.0626865671641791,486655,15542,72,125,4.285316228866577,44.7813600063324,7272,26431,73371,25,14769,73018,69538,44,8104,20376,153340,28,11994,44906,121491,43,37268,57136,207026,148,11254,50735,82438,31,8536,21061,53497,24,2870,3372,53214,10,13,0,0,0,3,6,6,44,0,0,0,0,0,26,10,72,0,0,0,0,0,1,13,3,79,11,23,109,0,12,20,1,0,90
sympy__sympy-13031,sympy/sympy,1,540,258,274,8,304069,1178.562015503876,7048,524880,1915.6204379562043,30614,59546,76065,216000,0.35215277777777776,250,17,8,0,7,30,234,9,0.037037037037037035,305807,11083,29,111,4.740562200546265,35.84096164703369,10920,18780,55796,42,7965,24441,38637,31,7747,34356,113677,24,12300,29847,79385,46,13362,51074,84491,51,9843,30838,61867,26,10591,22069,49809,27,3337,4595,41218,11,5,1,1,1,1,0,8,12,0,0,0,0,0,30,8,41,0,1,1,0,0,1,26,3,92,14,23,48,0,8,32,1,0,32
sympy__sympy-13091,sympy/sympy,1,692,334,350,8,359825,1077.320359281437,10467,769035,2197.2428571428572,30616,59546,93009,254239,0.3658329367248927,326,18,8,0,7,28,311,11,0.034161490683229816,490425,20300,89,115,4.626018285751343,36.35935912132262,9302,28441,64664,36,17050,90210,99289,61,8235,22525,108096,29,20465,39796,140629,64,19892,32629,173115,90,8037,21009,94219,21,7089,16249,48317,24,2939,3380,40706,9,9,0,27,3,10,0,23,9,0,5,0,1,2,24,9,64,0,0,1,0,0,3,3,11,108,10,33,58,0,15,42,2,0,58
sympy__sympy-13372,sympy/sympy,1,440,208,224,8,231880,1114.8076923076924,6814,489790,2186.5625,30612,59546,62027,162065,0.38272915188350354,200,14,8,0,7,26,180,12,0.0625,267531,10357,154,78,4.570523262023926,32.74863743782043,6357,14197,35263,26,6974,20778,50714,24,7215,23391,91505,23,12695,36591,85530,52,8102,20496,83551,24,9087,28535,59243,27,7791,13592,43465,22,3806,4485,40519,10,33,0,1,0,49,0,3,20,48,0,0,0,0,25,9,23,0,1,1,0,0,3,2,14,86,13,14,38,0,6,19,0,0,24
sympy__sympy-13480,sympy/sympy,1,418,197,213,8,235041,1193.1015228426395,8634,461757,2167.8732394366198,30613,59546,61329,166342,0.36869221242981326,189,16,8,0,7,25,180,2,0.01098901098901099,224444,11893,286,67,4.972045540809631,32.29471945762634,5418,14802,39449,21,10709,36545,54448,34,7326,19244,83741,24,12439,39664,99982,39,6410,14757,54713,25,7639,24325,47724,23,7889,13533,43216,21,3499,3472,38484,10,1,0,0,0,0,285,0,0,0,0,0,0,0,29,11,17,0,1,6,0,0,2,1,0,79,18,14,46,0,4,8,0,0,20
sympy__sympy-13551,sympy/sympy,1,584,280,296,8,297279,1061.7107142857142,6618,663174,2240.4527027027025,30616,59546,83991,203408,0.41291886258160937,255,15,8,0,7,33,243,10,0.039525691699604744,425667,26347,46,81,6.244523286819458,166.01226251125323,6396,17758,57911,29,8295,30079,46587,30,6671,16975,131854,21,12647,37334,151791,38,30066,47838,134237,108,8731,18408,59604,21,8785,31488,50470,26,2400,3528,30720,7,5,6,26,0,0,0,3,5,0,0,0,1,0,30,9,31,0,2,4,0,0,0,5,0,105,12,17,61,0,11,14,0,0,35
sympy__sympy-13615,sympy/sympy,1,464,220,236,8,259295,1178.6136363636363,6138,577403,2446.6228813559323,30615,59546,61777,189273,0.32639098022433205,212,16,8,0,7,38,191,10,0.04975124378109453,329000,12845,66,42,4.797965049743652,33.96990063190459,8018,27825,59648,29,10584,47341,56443,39,9190,20617,103639,24,10257,23943,136662,37,7464,27270,70208,31,5622,13610,57912,21,7384,24765,48825,28,3258,3902,44066,11,17,23,6,0,13,0,0,7,0,0,0,0,0,19,8,10,0,0,1,0,0,0,4,0,107,12,16,35,0,9,9,1,0,23
sympy__sympy-13647,sympy/sympy,1,476,226,242,8,246969,1092.783185840708,6865,516356,2133.7024793388427,30615,59546,62277,176216,0.3534128569482907,218,15,8,0,7,23,204,8,0.03773584905660377,269228,10194,40,70,4.272141695022583,35.67554998397827,10116,22225,39645,31,8005,38562,53156,31,5910,16067,116189,21,12350,31720,83013,57,7519,29072,74676,30,6814,19942,55362,21,7703,14542,49636,23,3860,4086,44679,12,2,2,1,0,0,0,8,27,0,0,0,0,0,25,9,34,0,0,0,0,0,2,0,0,83,9,30,48,0,7,14,0,0,27
sympy__sympy-13757,sympy/sympy,1,532,254,270,8,288253,1134.8543307086613,6912,643239,2382.366666666667,30614,59546,69744,208973,0.3337464648543113,246,18,8,0,7,30,236,6,0.024793388429752067,429216,20356,22,57,4.436687231063843,37.735854578018184,11317,30989,60871,39,9844,34449,56204,37,11615,27544,138637,44,13431,37522,154377,50,8792,29761,72610,30,6204,31515,64044,22,5554,13393,51207,22,2987,3800,45289,10,3,2,2,0,13,0,0,0,0,1,0,1,0,16,8,31,0,0,1,0,0,0,1,0,104,9,40,54,0,6,3,1,0,29
sympy__sympy-13798,sympy/sympy,0,450,213,229,8,246855,1158.943661971831,8054,528402,2307.4323144104806,30615,59546,65923,172954,0.38115915214450086,205,16,8,0,7,24,197,8,0.03902439024390244,292153,25256,149,45,4.600082635879517,29.532179570198032,6309,11999,27634,22,9184,23122,35805,24,6664,17067,90769,22,14993,40113,152998,48,11521,29626,77800,42,8696,35666,58166,23,5539,12051,45207,20,3017,3310,40023,12,2,8,3,0,0,0,0,6,129,0,0,0,1,21,10,12,0,0,0,0,0,1,1,0,91,13,17,37,0,9,13,0,0,25
sympy__sympy-13852,sympy/sympy,0,452,214,230,8,295117,1379.0514018691588,9899,577287,2509.9434782608696,24710,59546,61668,225433,0.2735535613685663,206,13,8,0,7,35,192,7,0.035175879396984924,375003,14559,10,58,4.788321018218994,32.980647325515726,6537,15023,65828,25,8742,52762,63801,32,7981,24682,86170,25,10435,44814,110476,39,9499,16656,78994,36,7649,34841,66548,25,7625,32684,55831,22,3200,3971,49639,10,0,10,0,0,0,0,0,0,0,0,0,0,0,16,9,27,0,0,1,0,0,1,3,1,98,13,6,34,0,8,21,0,0,26
sympy__sympy-13877,sympy/sympy,1,492,234,250,8,272807,1165.8418803418804,6398,745192,2980.768,30616,59546,71766,192264,0.3732680064910748,226,15,8,0,7,29,215,5,0.022727272727272728,288000,12551,258,103,4.732187032699585,36.03811168670653,7155,33827,43936,28,10876,43531,142080,38,7270,17627,124021,24,17052,32746,113091,58,8142,17671,104898,30,8361,18277,93773,23,9368,25096,79525,23,3542,3489,43868,10,9,4,26,0,1,0,208,9,0,0,0,1,0,32,11,22,0,22,2,0,0,2,0,12,78,11,27,58,0,6,15,0,0,31
sympy__sympy-13878,sympy/sympy,1,1089,528,550,11,558239,1057.2708333333333,7727,1144113,2080.2054545454544,30614,82694,149383,389206,0.3838147407799469,510,22,11,1,9,44,472,31,0.061630218687872766,773640,22212,102,197,5.602141380310059,43.31696810722351,10518,23399,63472,38,15059,127560,85115,61,10581,26653,147484,34,13298,36609,117673,38,63690,100665,323978,235,26326,55658,292544,89,6963,14501,61558,23,2948,4161,52289,10,27,11,2,0,8,2,38,10,0,4,0,0,0,29,12,135,0,8,4,0,0,3,0,6,157,69,25,151,0,10,15,0,0,83
sympy__sympy-13974,sympy/sympy,1,498,237,253,8,280692,1184.3544303797469,7110,610521,2413.1264822134385,30614,59546,75436,196364,0.3841641033998085,229,14,8,0,7,28,219,4,0.017937219730941704,325803,13566,9,93,5.459120273590088,38.26582705974579,6572,26371,56309,21,14159,31299,55429,33,8187,21266,137626,28,11600,22743,109919,36,16365,34442,92605,61,9207,40220,62504,24,6459,16724,52200,24,2887,3299,43929,10,1,5,0,0,0,0,3,0,0,0,0,0,0,48,9,25,0,2,5,0,0,3,0,1,104,8,15,54,0,3,19,1,0,25
sympy__sympy-14248,sympy/sympy,0,864,417,437,10,494701,1186.3333333333333,12534,980385,2243.4439359267735,30614,75240,114673,364386,0.314701991843814,405,16,10,1,9,34,380,19,0.047619047619047616,642216,16605,131,131,5.406917333602905,37.731803357601166,14651,30919,63699,50,8039,47300,63919,29,13358,29739,171569,44,13317,58773,108630,52,36358,134473,294338,161,19282,46513,171306,50,6789,12452,60597,21,2879,4217,46327,10,32,64,0,0,18,1,12,2,2,0,0,0,0,43,11,68,0,0,4,0,0,3,2,0,148,11,40,114,0,18,18,0,0,56
sympy__sympy-14531,sympy/sympy,1,514,245,261,8,302611,1235.1469387755103,7013,715654,2741.969348659004,30615,59546,79103,214351,0.3690349007002533,236,17,8,0,7,30,222,9,0.03896103896103896,400822,26462,4,85,4.823216080665588,37.93749983310699,9029,27551,76626,31,15528,46044,59703,36,7316,22876,120645,23,13404,35944,161886,47,14491,39426,104677,50,7950,14938,91563,25,7966,23635,57252,23,3419,3937,43302,10,0,1,0,0,0,0,2,1,0,0,0,0,0,49,9,23,0,2,1,0,0,0,0,1,90,9,15,60,0,8,11,1,0,42
sympy__sympy-14711,sympy/sympy,1,422,199,215,8,255154,1282.180904522613,9329,527280,2452.4651162790697,30616,59546,61800,185907,0.3324242766544563,191,16,8,0,7,25,186,3,0.015873015873015872,284071,13958,300,55,5.688328742980957,42.53909173011779,9074,19253,68315,34,9127,39006,45319,26,8303,22337,80959,22,10656,45660,129735,42,6753,17054,57935,21,6571,23290,51530,20,7483,15797,48940,24,3833,3510,44547,10,9,1,0,0,39,0,250,1,0,0,0,0,0,33,10,10,0,1,0,0,0,0,1,0,100,10,11,30,0,7,16,0,0,17
sympy__sympy-14976,sympy/sympy,0,486,231,247,8,291900,1263.6363636363637,7981,607854,2460.9473684210525,30616,59546,66178,217058,0.30488625160095456,223,15,8,0,7,29,211,8,0.0365296803652968,324389,13835,48,111,4.652107119560242,37.81617211103438,10252,25770,60136,42,8673,46129,57241,33,6426,23627,132654,26,14634,39679,105545,43,9904,24217,67733,34,7605,37683,68783,23,6483,15793,78973,22,2201,4160,36789,8,4,1,30,0,0,1,7,4,0,0,0,1,0,36,10,25,0,7,3,0,0,0,6,24,90,11,26,44,0,7,13,0,0,32
sympy__sympy-15017,sympy/sympy,1,493,233,251,9,256216,1099.6394849785408,6772,594760,2369.561752988048,30613,67000,68667,178824,0.38399208159978526,224,18,9,0,8,31,212,8,0.03636363636363636,298909,18024,61,65,4.5772058963775635,33.57230936288833,7995,13412,31063,31,8000,22597,39023,30,6689,20341,73454,21,13220,40354,90480,44,7408,22994,83227,24,17372,41719,194613,55,5412,14664,50154,20,2571,2743,32746,8,8,5,4,0,13,0,10,21,0,0,0,0,0,18,9,30,0,2,6,0,0,0,0,0,109,14,19,34,0,9,14,1,0,24
sympy__sympy-15345,sympy/sympy,1,460,218,234,8,275225,1262.5,9065,504045,2154.0384615384614,30615,59546,69318,197739,0.350553001684038,210,15,8,0,7,21,200,8,0.038461538461538464,268409,11243,12,70,4.950520753860474,33.35476174354553,10400,17383,34054,37,8964,44827,53735,30,7108,13465,78948,22,10371,29021,97407,33,12199,30675,72978,38,7595,42198,61873,25,8428,15959,61356,23,4253,4211,43694,10,3,0,0,0,0,1,4,4,0,0,0,0,0,26,8,26,0,0,8,0,0,1,0,1,95,9,18,41,0,8,20,0,0,19
sympy__sympy-15349,sympy/sympy,1,418,197,213,8,227616,1155.4111675126903,6577,425119,1995.8638497652582,30613,59546,58225,162059,0.359282730363633,188,14,8,0,7,32,184,1,0.005405405405405406,188472,6710,9,60,4.4497352838516235,30.082405984401703,6625,18950,35879,25,7708,30332,41396,29,7987,14679,82462,23,6560,29439,84496,26,10814,18887,58402,42,7153,22130,49356,22,8507,24255,37724,20,2871,3387,35404,10,4,2,0,0,0,1,0,1,0,0,0,0,1,28,9,15,0,0,2,0,0,3,3,0,88,8,6,50,0,4,5,0,0,27
sympy__sympy-15599,sympy/sympy,1,596,286,302,8,332314,1161.937062937063,9179,700227,2318.6324503311257,30615,59546,79607,241918,0.329066047173009,277,14,8,0,7,22,265,10,0.03636363636363636,407302,13083,77,47,5.761399984359741,46.27354097366334,5110,16237,54427,20,8864,37295,56683,36,5635,22470,80356,19,10122,42492,123866,31,30929,48238,187774,121,7436,44257,75397,24,7823,26288,53027,22,3688,4641,68697,13,20,18,9,0,1,0,29,0,0,0,0,0,0,20,8,16,0,1,1,0,0,1,0,0,84,11,10,96,0,10,11,0,0,55
sympy__sympy-15809,sympy/sympy,1,567,270,288,9,241401,894.0777777777778,5624,596421,2070.90625,30616,67000,78996,152349,0.5185199771577103,259,15,9,0,8,15,248,6,0.023622047244094488,337210,25396,623,80,4.944047212600708,34.69187307357788,8480,15012,49247,31,7449,27982,39006,28,6986,16171,109027,19,10206,26565,118085,49,10575,20186,59681,41,24744,32390,133951,71,7447,10705,50239,21,3109,3338,37185,10,13,0,29,1,0,0,0,579,0,0,0,1,0,26,10,38,0,2,2,0,0,1,1,0,96,16,19,62,0,8,12,0,0,46
sympy__sympy-15875,sympy/sympy,0,764,367,387,10,354723,966.5476839237057,7352,772021,1994.8863049095607,30617,75240,103353,237585,0.4350148367952522,356,17,9,1,9,28,327,23,0.06571428571428571,477443,22885,14,132,4.757270336151123,33.8758180141449,11110,35760,51921,40,8222,35693,46642,30,5352,14689,92731,19,17929,26333,136603,66,34095,80028,194209,129,15784,29549,121769,48,6198,12016,63917,22,4663,3517,64229,13,2,4,2,0,4,0,0,0,2,0,0,0,0,26,10,64,0,1,4,0,0,2,24,1,139,30,36,104,0,13,9,0,0,25
sympy__sympy-15976,sympy/sympy,0,462,219,235,8,301799,1378.0776255707763,7726,601571,2559.876595744681,30614,59546,64923,228669,0.28391692796137646,211,17,8,0,7,31,199,6,0.02926829268292683,380034,29513,54,67,4.9043049812316895,43.72643922567364,7430,16293,62521,29,8834,39210,55556,34,10394,18013,105877,26,12383,42123,141824,51,6692,43565,74997,23,6368,39740,60761,22,8180,25382,56889,23,4642,4343,43146,11,14,9,1,0,0,0,1,4,0,0,0,25,0,31,10,21,0,1,2,0,0,0,2,0,93,23,22,37,0,5,11,0,0,20
sympy__sympy-16450,sympy/sympy,1,480,228,244,8,272909,1196.969298245614,6872,599547,2457.159836065574,30616,59546,69303,195058,0.3552943227142696,220,13,8,0,7,36,212,3,0.013953488372093023,374323,26138,33,101,4.710732460021973,34.68455307483672,8299,29395,34878,30,9989,45384,48635,38,10267,22865,165592,34,11837,31709,108326,40,7086,23041,76298,25,8542,22131,74645,25,10066,16286,56526,24,3217,4247,34647,12,2,0,29,0,0,0,1,0,0,0,0,1,0,38,8,20,0,0,0,0,0,1,27,7,104,9,16,45,0,5,21,0,0,20
sympy__sympy-16597,sympy/sympy,0,894,426,454,14,451281,1059.3450704225352,6223,947725,2087.5,30616,106628,137499,297876,0.4615981146517343,410,15,11,3,13,38,380,16,0.04040404040404041,553081,13532,139,176,4.690791368484497,27.595329093933103,8281,26171,61528,27,8765,28667,60866,35,7403,16759,86015,25,10311,25912,110770,37,51577,106487,313181,158,41666,62105,240542,114,6210,28377,44289,21,3286,3398,30534,9,38,52,29,0,2,0,3,4,9,1,0,1,0,44,16,88,0,2,16,0,0,0,10,0,163,31,36,98,0,17,26,0,0,39
sympy__sympy-16766,sympy/sympy,1,510,243,259,8,266388,1096.2469135802469,6755,602407,2325.895752895753,30616,59546,78062,179207,0.4355968237847852,235,15,8,0,7,24,222,11,0.04721030042918455,360497,13863,58,87,4.553445339202881,32.211062276363364,7876,11873,41215,32,14570,45654,58693,33,10341,19932,135159,38,10484,39851,101315,42,14385,24636,79953,41,10238,17635,81511,27,7361,16921,73376,22,2807,2705,31185,8,3,12,29,0,1,0,5,6,0,0,0,1,1,46,8,20,0,1,0,0,0,1,0,11,88,11,29,64,0,6,7,0,0,30
sympy__sympy-16792,sympy/sympy,1,622,299,315,8,363703,1216.3979933110368,8643,710459,2255.425396825397,30615,59546,90176,262321,0.34376203201421157,290,15,9,0,7,44,266,18,0.06338028169014084,443051,25470,251,205,5.0851428508758545,37.34906699657438,11233,23511,163124,49,17991,57666,49862,41,10035,23317,102835,27,17336,52922,117272,60,15411,32326,107290,60,8150,48929,73387,27,7422,20023,62875,26,2598,3627,33814,9,11,7,8,3,7,0,27,17,170,0,0,0,1,56,13,38,0,3,0,0,0,0,95,0,118,23,34,53,0,5,32,1,0,24
sympy__sympy-16886,sympy/sympy,1,416,196,212,8,250155,1276.3010204081634,7885,441116,2080.735849056604,30613,59546,58745,184078,0.31913102054563824,188,14,8,0,7,44,175,9,0.04891304347826087,204327,29857,68,59,4.420165538787842,30.580049920082082,7674,21822,27932,25,10096,35658,39387,35,5466,22380,82482,19,9535,26418,115955,37,9859,19282,51450,25,7671,33131,52283,25,5302,23070,44463,22,3142,2317,27164,8,1,1,0,0,0,0,7,0,58,0,0,0,1,37,8,8,0,0,2,0,0,4,0,0,96,11,17,38,0,6,4,0,0,16
sympy__sympy-17139,sympy/sympy,1,450,213,229,8,282342,1325.5492957746478,7765,549348,2398.8995633187774,30614,59546,62663,211721,0.2959696959678067,204,16,9,0,7,36,192,7,0.035175879396984924,322752,20300,280,58,4.141339898109436,31.7479137301445,6687,24055,39275,27,7285,31439,44678,24,9516,20026,116489,34,11128,30352,106768,41,9012,25098,79697,28,8185,40661,61662,23,7088,32944,51033,24,3762,7146,49746,12,10,1,0,0,0,0,269,0,0,0,0,0,0,30,9,16,1,1,1,0,0,0,0,0,102,11,15,36,0,2,20,0,0,18
sympy__sympy-17318,sympy/sympy,0,522,249,265,8,359101,1442.1726907630523,8160,667194,2517.71320754717,30616,59546,74128,275627,0.2689431732014643,241,16,8,0,7,35,219,18,0.0759493670886076,373014,15982,70,86,5.559154152870178,43.83505313396452,10765,34652,56482,41,13478,69769,82780,54,9744,26441,151922,23,11914,42939,119554,46,6865,22048,104863,27,11191,47725,65899,25,7358,29177,55726,24,2813,2876,29968,9,29,2,30,1,2,5,0,0,0,0,0,1,0,33,14,24,0,11,0,0,0,2,0,2,96,10,11,40,0,2,56,0,0,26
sympy__sympy-17630,sympy/sympy,1,636,306,322,8,404418,1321.6274509803923,9435,811863,2521.313664596273,30615,59546,85303,307602,0.27731614228776147,298,13,8,0,7,52,276,16,0.0547945205479452,499600,11517,183,79,4.897674560546875,42.428083992004396,14918,47480,102148,53,11230,62731,102525,45,15586,26566,198304,54,10647,38186,102578,43,16600,36336,119417,52,7099,42346,79977,25,5849,50914,60289,23,3374,3043,46625,11,30,6,0,0,36,1,52,57,0,0,0,1,0,16,8,35,0,0,7,0,0,3,10,0,126,8,34,63,0,7,17,0,0,43
sympy__sympy-17655,sympy/sympy,1,865,416,438,11,407490,979.5432692307693,7860,893863,2040.783105022831,30615,82694,119161,273175,0.4362075592568866,392,17,10,1,10,32,360,25,0.06493506493506493,512430,14283,276,165,5.49904465675354,43.927091526984995,9069,37068,31182,35,6938,29812,45975,28,5741,14508,81642,20,12956,23148,114508,42,46005,90235,286186,176,26068,59966,207094,80,8907,14185,72405,24,3477,4253,54871,11,28,4,0,0,27,0,167,49,0,0,1,0,0,43,11,84,0,1,8,0,0,2,0,16,136,27,38,113,0,9,25,0,0,44
sympy__sympy-18189,sympy/sympy,1,539,256,274,9,286752,1120.125,7538,600231,2190.624087591241,30614,67000,77919,196791,0.3959479854261628,247,16,9,0,8,25,229,7,0.029661016949152543,326921,15526,77,86,5.325780630111694,44.150124025344844,7063,19145,45109,29,7305,22576,42390,33,8115,16191,83240,22,12798,38522,131903,42,11680,23508,85244,46,19037,48027,135287,52,8495,25779,49316,23,3426,3043,27742,9,10,20,0,0,3,0,32,8,4,0,0,0,0,29,11,34,0,4,5,0,0,3,0,0,104,12,17,63,0,11,8,0,0,32
sympy__sympy-18199,sympy/sympy,0,420,198,214,8,300067,1515.489898989899,8826,558513,2609.873831775701,30613,59546,63407,229251,0.2765833082516543,190,15,8,0,7,36,183,2,0.010810810810810811,317224,13228,37,73,4.643304824829102,51.26963329315184,7638,30961,58568,29,9552,48644,57462,37,6312,20813,106199,20,8915,31413,98537,29,9834,23950,83295,25,7544,53911,57652,23,9829,15817,47567,23,3783,3742,49233,12,0,0,0,0,12,0,1,24,0,0,0,0,0,50,9,7,0,2,2,0,0,2,0,1,91,9,15,36,0,6,6,0,0,27
sympy__sympy-18211,sympy/sympy,1,567,270,288,9,256671,950.6333333333333,6393,669722,2325.4236111111113,30614,67000,82493,164090,0.502730209031629,260,16,9,0,7,20,246,9,0.03529411764705882,401053,14402,73,124,4.614344120025635,25.397339296340935,8075,18097,61756,33,11444,23264,46062,31,8710,18610,122701,28,10680,25729,119362,43,13259,30747,87199,45,17404,31678,141080,54,7700,13043,46871,23,5221,2922,44691,13,14,11,0,0,4,0,12,29,0,0,0,1,2,57,9,40,0,0,4,0,0,4,4,6,116,15,21,47,0,3,41,0,0,17
sympy__sympy-18698,sympy/sympy,0,809,385,411,13,422794,1098.1662337662337,11299,1108713,2697.598540145985,30615,98388,120034,288339,0.41629470865890494,371,14,12,2,12,30,357,9,0.02459016393442623,733037,17371,31,162,5.600298643112183,41.18221684694284,6343,16182,56668,28,12428,47638,48218,30,8690,25783,112772,26,12399,49808,159540,49,37907,73066,299553,131,32574,58406,323967,86,6708,13705,58753,23,2985,3751,49242,12,6,7,0,3,5,0,5,1,4,0,0,0,0,73,14,57,0,0,10,0,0,1,7,0,149,29,20,82,0,9,27,0,0,55
sympy__sympy-18763,sympy/sympy,0,595,284,302,9,306383,1078.8133802816901,8793,619566,2051.543046357616,30616,67000,80476,214230,0.37565233627409794,271,16,9,0,8,29,255,8,0.030418250950570342,348890,16475,48,101,5.869933366775513,46.320886111259455,6150,23309,47576,25,7645,31280,41701,26,9284,22635,121415,38,9440,20856,112601,40,12524,44713,80039,42,25713,45742,130613,80,6814,22977,45495,22,2906,2718,40126,11,3,4,33,0,2,0,0,2,1,2,0,1,0,22,9,57,0,1,9,0,0,1,2,0,110,26,26,61,0,8,5,0,0,35
sympy__sympy-19040,sympy/sympy,1,816,394,413,9,444333,1127.748730964467,9704,743556,1800.3777239709443,30616,67814,109667,319841,0.3428797433724882,385,15,8,0,8,47,340,30,0.08108108108108109,435955,10399,65,126,4.547454357147217,38.35799961090087,8168,31451,65436,37,8790,45141,58879,27,31476,112169,261576,123,13611,43760,107164,50,29665,47015,107981,106,7899,12501,59145,19,6693,24920,49200,21,3365,2884,34175,11,13,4,34,1,4,0,4,3,1,0,0,1,0,33,9,73,0,5,5,0,0,1,0,0,113,10,63,87,0,7,25,0,0,80
sympy__sympy-19346,sympy/sympy,1,507,240,258,9,273444,1139.35,6744,651788,2526.31007751938,30616,67000,74712,189742,0.3937557314669393,231,13,9,0,8,17,218,10,0.043859649122807015,425901,21350,59,108,4.970958471298218,34.66372790336608,5183,13167,56474,18,7801,33238,56517,27,7267,45247,116341,26,8329,29056,110932,31,11746,17764,85084,39,21638,30834,140925,64,9054,17454,44901,25,3694,2982,40614,10,7,2,29,1,0,5,13,0,0,1,0,1,0,43,11,30,0,5,2,0,0,3,6,8,91,14,19,75,0,8,10,0,0,14
sympy__sympy-19495,sympy/sympy,1,828,393,421,14,522369,1329.1832061068703,8618,1099217,2610.9667458432305,30614,106628,122555,383041,0.3199526943590895,378,17,11,3,13,40,340,15,0.04225352112676056,642236,26528,127,163,5.706531047821045,43.27438845634459,8144,23974,54891,32,12589,48380,61634,41,7084,20086,152700,21,8813,24462,101984,31,48962,148654,364901,155,27972,82406,245324,82,5975,31296,62484,22,3016,3783,55299,9,19,14,1,0,0,5,24,64,0,0,0,0,0,42,22,57,0,2,18,0,0,0,21,1,148,18,20,108,0,17,12,0,0,55
sympy__sympy-19637,sympy/sympy,1,396,186,202,8,239177,1285.8978494623657,7566,500506,2477.7524752475247,30616,59546,54986,177237,0.31023996118192027,178,14,8,0,7,32,168,5,0.028901734104046242,233792,24223,101,68,5.3520588874816895,39.65057215690612,5709,12826,39143,23,12176,33502,37595,28,6520,20250,117698,22,7115,31060,127621,30,7462,15413,46568,29,7085,31762,59315,22,6068,29365,44904,23,2851,3059,27662,9,10,0,30,1,3,1,13,10,29,3,0,1,0,41,8,17,0,1,1,0,0,0,0,0,91,12,6,33,0,6,15,0,0,15
sympy__sympy-19783,sympy/sympy,1,654,315,331,8,364304,1156.5206349206348,40297,636074,1921.6737160120847,30614,59546,100381,252107,0.3981682380893827,304,14,8,0,7,30,283,18,0.059800664451827246,417060,19067,21,100,4.8843278884887695,33.727162039279904,6318,23302,74599,27,5540,26611,56747,21,9691,21896,102330,30,8143,31742,87368,33,53981,90359,163631,149,6978,37703,62605,25,6028,16834,53706,21,3702,3660,35088,9,3,3,1,0,0,0,10,4,0,0,0,0,0,23,14,52,0,1,1,0,0,1,3,5,100,36,25,85,0,12,8,0,0,38
sympy__sympy-19954,sympy/sympy,1,462,219,235,8,247330,1129.3607305936073,6189,498352,2120.6468085106385,30615,59546,64691,174432,0.37086658411300677,211,13,8,0,7,34,202,7,0.03349282296650718,257759,10298,25,79,4.553110122680664,35.35111116170883,8262,17432,60148,30,14168,31632,54056,36,5971,15952,75462,21,11054,32600,103154,47,8128,17356,69996,30,6815,33816,52210,24,7350,21942,44773,21,2943,3702,38553,10,25,0,0,0,0,0,0,0,0,0,0,0,0,48,10,14,0,2,0,0,0,0,4,1,92,8,16,33,0,1,30,0,0,31
sympy__sympy-20154,sympy/sympy,1,436,206,222,8,270645,1313.8106796116506,6940,538703,2426.59009009009,30614,59546,67118,195814,0.34276405159998774,198,14,8,0,7,31,189,8,0.04060913705583756,301836,14201,10,81,5.007146120071411,39.862067079544055,5652,21850,44794,22,11409,34698,49791,28,6995,19921,95365,21,15602,36552,114517,39,7605,25240,74198,33,8819,20155,60743,26,7118,34252,55206,24,3918,3146,44089,13,3,1,0,0,0,1,0,5,0,0,0,0,0,58,9,10,0,1,1,0,0,2,0,0,104,9,10,26,0,8,17,0,0,24
sympy__sympy-20428,sympy/sympy,0,564,270,286,8,289289,1071.4407407407407,10720,705936,2468.3076923076924,30613,59546,74295,204849,0.36268178023812664,262,17,8,0,7,20,247,8,0.03137254901960784,391691,15340,79,75,4.434001922607422,32.290730333328234,10182,26288,68349,44,9863,49972,63452,40,8321,27461,139265,32,14051,40592,148138,45,12556,21065,78069,46,10297,19521,102789,31,6386,16571,56249,22,2639,3379,49625,10,19,1,0,0,42,0,8,9,0,0,0,0,0,18,8,37,0,3,0,0,0,2,7,0,95,11,38,41,0,7,27,1,0,42
sympy__sympy-20438,sympy/sympy,0,614,295,311,8,311295,1055.2372881355932,9453,821565,2641.6881028938906,30614,59546,85768,214433,0.39997575000116586,287,17,8,0,7,20,275,7,0.024822695035460994,532778,13668,372,123,4.6997785568237305,32.03593528270721,10048,18182,78508,35,8829,32219,58129,32,13078,32736,201857,44,15450,57182,133592,52,19144,37399,138287,76,9135,19304,86598,25,5842,14027,76513,20,4242,3384,48081,11,11,37,0,1,244,2,17,60,0,0,0,0,0,51,9,42,0,0,0,0,0,0,1,20,86,27,43,59,0,6,27,0,0,39
sympy__sympy-20590,sympy/sympy,1,1297,630,655,12,528324,838.6095238095238,16650,998892,1525.0259541984733,30616,90148,189799,314833,0.6028561173701613,614,16,11,1,11,27,573,35,0.05756578947368421,677579,26697,298,263,4.200000762939453,24.9561429977417,9937,18196,85426,34,7331,42318,48497,28,10723,18334,83469,28,12424,32425,97154,41,92138,110130,295470,311,46184,64798,275149,149,7911,25219,70998,27,3151,3413,42729,12,45,8,33,2,93,2,58,52,2,1,1,1,0,38,13,152,0,3,7,0,0,3,46,1,149,27,70,196,0,18,19,1,0,134
sympy__sympy-20801,sympy/sympy,1,474,225,241,8,293835,1305.9333333333334,7273,540930,2244.5228215767634,30613,59546,67045,218356,0.307044459506494,217,15,8,0,7,35,209,6,0.027906976744186046,270408,14629,32,82,4.54875385761261,33.95410870313644,7460,23798,41795,32,11206,33278,42486,29,9559,24425,93961,30,13654,34476,150643,53,6665,36427,76984,27,9142,25958,65405,25,6862,37210,42248,21,2497,2784,27408,8,3,3,21,0,0,0,0,2,3,0,0,0,0,47,9,19,0,0,0,0,0,0,7,0,97,14,33,32,0,5,14,0,0,22
sympy__sympy-20916,sympy/sympy,0,520,248,264,8,286146,1153.8145161290322,8696,643482,2437.431818181818,30616,59546,71509,205328,0.34826716278344894,240,15,8,0,7,28,223,9,0.03879310344827586,308680,25263,49,88,4.732829332351685,34.49754235744476,14553,26547,89626,51,8372,31840,43995,29,7970,37179,161574,29,14435,35734,166747,54,8621,27911,56833,31,8790,17914,62341,25,6284,25110,36472,20,2484,3093,25894,9,3,0,32,1,0,0,2,1,5,0,0,5,0,32,9,30,0,4,3,0,0,1,6,3,85,15,33,66,0,5,9,0,0,27
sympy__sympy-21379,sympy/sympy,1,562,269,285,8,301935,1122.4349442379182,7022,624673,2191.8350877192984,30616,59546,82237,209593,0.39236520303636097,261,16,8,0,7,27,257,3,0.011538461538461539,370265,14033,53,100,4.645818710327148,34.79960353374478,7079,25913,71153,29,11202,42563,52136,39,20669,25582,113119,42,17081,41519,157318,63,10100,20958,74419,41,6351,30389,55751,23,6936,19542,54895,22,2819,3127,45882,10,5,0,25,1,0,0,12,7,2,0,0,1,0,56,10,24,0,7,2,0,0,0,0,1,93,14,39,45,0,7,33,0,0,30
sympy__sympy-21596,sympy/sympy,0,480,228,244,8,277518,1217.1842105263158,5573,566721,2322.627049180328,30616,59546,64790,204181,0.3173164985968332,220,18,8,0,7,37,199,12,0.05687203791469194,351525,21340,91,55,4.463583469390869,34.21299219131469,8158,26942,65024,30,7862,21163,37552,29,7414,22736,118244,23,13143,38202,117293,48,9624,40870,83947,38,9789,33509,56320,26,5267,16792,42237,22,3533,3967,46104,12,20,14,25,1,2,0,12,13,0,1,0,1,2,17,8,24,0,0,4,0,0,0,1,1,108,13,18,44,0,4,12,0,0,21
sympy__sympy-21612,sympy/sympy,1,778,374,394,10,432482,1156.3689839572191,9718,888913,2256.1243654822333,30616,75240,113542,304950,0.37232989014592555,361,22,9,1,9,35,335,21,0.05898876404494382,556634,19867,50,179,5.424938917160034,46.84980845451354,20223,39894,106138,74,8707,41316,64116,30,10937,23555,159660,39,11197,47993,128359,44,34873,79542,168826,105,14822,49071,156322,50,9533,18965,58005,22,3250,4614,47487,10,6,6,32,1,3,0,0,0,0,1,0,1,0,38,11,103,0,7,13,0,0,2,5,0,154,18,33,88,0,14,9,6,0,39
sympy__sympy-21847,sympy/sympy,1,430,203,219,8,271030,1335.1231527093596,8153,657226,3001.0319634703196,30613,59546,58206,205225,0.28362041661590937,195,14,8,0,7,23,184,10,0.05154639175257732,347887,18969,144,63,5.081858158111572,34.58194555044172,5580,28575,74525,24,7639,32248,57562,30,7529,24516,165402,23,8740,28386,98092,31,11278,43445,94103,40,7866,26268,77039,24,6532,18911,56252,23,3042,2876,34251,8,3,3,0,0,0,0,10,128,0,0,0,0,0,17,9,18,0,2,5,0,0,2,10,0,96,9,7,52,0,9,6,0,0,16
sympy__sympy-21930,sympy/sympy,0,927,444,470,13,470078,1058.7342342342342,8040,962703,2048.304255319149,30615,98388,149826,303237,0.4940887820417693,427,17,13,2,13,29,386,22,0.05392156862745098,545084,22391,11,196,5.02637791633606,41.39003410339354,9252,18251,37403,27,11317,35328,47853,38,7301,18193,80769,20,14159,34910,107587,41,54656,67815,280965,177,40431,101491,299930,108,9528,23302,54827,23,3182,3947,53369,10,4,2,1,1,0,0,2,0,0,0,1,0,0,57,14,103,0,1,14,0,0,0,7,0,162,17,26,124,0,22,21,1,0,54
sympy__sympy-22080,sympy/sympy,0,628,302,318,8,300799,996.023178807947,7211,656560,2064.6540880503144,30616,59546,80578,208860,0.3857990998755147,294,16,8,0,7,40,272,16,0.05555555555555555,408770,13913,85,110,4.520952463150024,28.755298376083374,14865,39179,90178,60,10763,29623,64316,41,15551,32721,187488,53,13028,44499,110475,62,7448,21668,62279,28,9281,25927,64095,27,6353,12398,46842,21,3289,2845,30887,10,14,17,31,1,6,1,9,4,1,0,0,1,0,24,8,65,0,8,0,0,0,0,2,3,116,21,46,48,0,2,28,0,0,33
sympy__sympy-22456,sympy/sympy,1,606,291,307,8,264982,910.5910652920962,7223,576110,1876.5798045602605,30614,59546,84455,169699,0.4976752956705697,280,16,8,0,7,33,253,22,0.08,326919,12839,123,84,4.847747564315796,37.399645125865966,7680,12402,43943,34,6729,28287,50390,24,9704,18519,117800,29,10988,33033,94638,45,28602,33709,102756,102,9693,16699,62511,24,7355,23706,57657,21,3704,3344,46415,12,9,5,1,0,23,0,77,8,0,0,0,0,0,39,11,28,0,1,4,0,0,0,1,0,101,10,42,53,0,9,14,0,0,51
sympy__sympy-22714,sympy/sympy,1,952,454,484,14,483188,1064.2907488986784,8419,1049348,2168.0743801652893,30616,105056,139270,327061,0.4258227058560941,435,18,12,2,13,46,399,23,0.054502369668246446,602285,14251,641,176,4.879871368408203,37.955965900421134,7903,21576,50571,36,10697,48380,82629,37,6156,15742,106495,23,9401,23622,112638,41,19180,52212,182284,72,78008,147171,423610,220,5557,15115,54205,17,2368,3243,36916,8,36,16,45,0,4,0,100,425,5,9,0,1,0,39,18,96,0,2,12,0,0,4,4,1,183,30,21,76,0,21,42,1,0,61
sympy__sympy-22914,sympy/sympy,1,681,321,347,13,368587,1148.2461059190032,9524,901153,2596.9827089337177,30614,98388,108176,248403,0.4354858838258797,308,16,11,2,12,30,283,11,0.03741496598639456,524099,20203,46,116,4.426308989524841,30.648501133918778,8570,21256,45181,32,6210,24236,66852,20,13321,31794,103398,34,8718,25227,114269,36,29248,61794,237126,86,31283,63591,249565,82,8044,17547,51172,23,2782,2958,33590,8,1,5,0,0,0,0,0,40,0,0,0,0,0,29,13,52,0,0,8,0,0,1,0,13,151,22,23,58,0,11,10,0,0,33
sympy__sympy-23262,sympy/sympy,1,635,304,322,9,331072,1089.0526315789473,6570,687996,2136.6335403726707,30616,67000,90868,228783,0.3971798603917249,295,16,9,0,8,37,275,13,0.04513888888888889,381379,15423,72,84,3.849562644958496,29.14238455295561,12016,31934,81987,49,6798,34824,42107,27,6437,14959,125166,23,17495,40070,134189,51,10789,27040,74109,41,27908,62395,150013,83,6996,14187,49498,23,2429,3374,30927,7,7,4,23,1,4,2,22,5,0,3,0,1,0,28,12,38,0,2,3,0,0,1,0,0,120,17,37,47,0,9,24,0,0,41
sympy__sympy-23413,sympy/sympy,0,1585,771,800,14,733084,950.822308690013,8539,1410141,1762.67625,30616,109230,225689,479612,0.4705657906808003,719,16,11,2,13,40,617,86,0.12233285917496443,901718,12935,398,220,5.614828824996948,141.06009023189543,7703,32126,65542,28,7906,33350,60884,27,32657,76935,260578,110,22096,46341,212074,72,133423,244228,606081,466,12728,33087,115961,37,6241,10422,51141,21,2935,3123,37880,10,181,177,19,1,1,0,0,18,0,0,0,1,0,33,18,106,0,3,34,0,0,5,16,5,184,17,13,294,0,69,49,0,0,93
sympy__sympy-23534,sympy/sympy,1,484,230,246,8,298918,1299.6434782608696,14519,547022,2223.6666666666665,30615,59546,70199,220113,0.31892255341574555,221,17,9,0,7,23,203,9,0.04245283018867924,286114,11807,92,70,4.9062275886535645,38.35795302391052,9510,29429,44702,35,8460,47360,48463,28,9926,20418,104552,30,15122,37181,122823,48,8534,27149,67545,28,7456,38924,59569,27,8285,16005,54545,24,2906,3647,44823,10,5,6,3,0,3,0,28,47,0,0,0,0,0,29,11,23,0,0,5,0,0,2,0,0,94,17,20,43,0,6,13,2,0,26
sympy__sympy-23824,sympy/sympy,1,402,189,205,8,222797,1178.8201058201057,7411,529967,2585.2048780487803,30614,59546,54563,161168,0.33854735431351135,181,17,8,0,7,22,173,6,0.0335195530726257,277720,13810,27,46,5.259634613990784,38.486692833900456,5965,16539,50222,22,7482,26728,58048,25,6799,17585,79916,23,10787,35315,117122,39,7345,26143,68643,24,6824,19904,63896,25,6461,14665,44105,21,2900,4289,48015,10,9,16,0,0,0,0,0,2,0,0,0,0,0,18,8,12,0,2,1,0,0,4,1,0,101,12,10,22,0,7,8,1,0,20
sympy__sympy-23950,sympy/sympy,1,530,253,269,8,261895,1035.1581027667985,5859,519195,1930.092936802974,30616,59546,80782,171615,0.4707164292165603,245,16,8,0,7,27,230,9,0.03765690376569038,273109,9858,174,115,4.753480792045593,31.277701771259306,13537,26921,68150,54,11987,29845,57205,44,10658,18530,121235,24,12309,35504,79428,44,9986,16780,58794,28,9307,25145,55502,26,10352,16159,49334,24,2646,2731,29547,9,20,0,31,0,64,0,46,11,1,0,0,1,0,49,9,53,0,0,2,0,0,0,2,0,96,12,22,43,0,7,35,0,0,30
sympy__sympy-24066,sympy/sympy,1,486,231,247,8,287448,1244.3636363636363,12279,603798,2444.5263157894738,30615,59546,75363,203423,0.3704743318110538,223,14,8,0,7,36,211,7,0.03211009174311927,355645,18550,131,89,5.449950218200684,37.747930860519396,12339,38071,75270,32,7033,40605,42460,28,6910,20841,86581,22,19804,43782,157501,66,11551,23951,85285,29,7611,19331,62280,21,6157,12856,57264,21,3958,3986,37157,12,5,2,2,0,26,1,0,93,0,0,0,0,2,51,11,19,0,1,5,0,0,0,2,0,104,9,13,34,0,5,32,0,0,26
sympy__sympy-24213,sympy/sympy,1,639,303,325,11,311813,1029.0858085808582,6256,739117,2274.206153846154,30615,82694,87902,212564,0.413531924502738,292,16,10,1,9,27,262,14,0.050724637681159424,440075,25058,414,114,4.913126826286316,29.779293990135187,7766,18650,56770,32,8218,34514,48020,30,5372,17917,92057,20,15540,36609,115906,62,20958,45820,153110,67,21388,42828,180960,64,5604,13131,56423,18,3056,3095,35871,10,30,0,1,0,21,0,19,343,0,0,0,0,0,40,11,48,0,2,4,0,0,0,8,1,137,20,19,62,0,10,21,1,0,22
sympy__sympy-24443,sympy/sympy,1,464,220,236,8,284489,1293.1318181818183,6774,682378,2891.4322033898306,30614,59546,68122,208123,0.3273160582924521,212,14,8,0,7,30,196,12,0.057692307692307696,315307,22803,185,83,5.610970735549927,42.30924654006956,10212,42628,68021,35,11442,54126,63579,36,6866,21386,156532,23,12107,35772,194995,43,6466,16106,56779,27,9164,17492,62592,25,9089,17386,50680,22,2776,3227,29200,9,3,2,0,0,3,0,9,162,0,0,0,6,0,42,11,22,0,1,2,0,0,1,2,2,90,12,14,43,0,5,23,0,0,25
sympy__sympy-24539,sympy/sympy,1,430,203,219,8,224349,1105.1674876847292,7452,497070,2269.72602739726,30615,59546,56277,160472,0.3506966947504861,195,15,8,0,7,26,183,7,0.03684210526315789,222576,12113,169,54,4.8713682889938354,33.685382890701284,7862,19420,32257,30,8854,35121,41796,32,6497,16180,115427,23,11873,30922,103177,42,4834,19314,57955,21,7072,15885,62298,24,5999,19871,39563,20,3286,3759,44597,11,1,0,2,0,3,0,0,163,0,0,0,0,0,16,8,14,0,0,2,0,0,1,13,0,93,12,16,32,0,1,18,0,0,23
sympy__sympy-24562,sympy/sympy,1,516,246,262,8,246165,1000.670731707317,7071,569692,2174.3969465648856,30614,59546,64284,172648,0.37234141142671795,238,18,8,0,7,37,217,19,0.08050847457627118,302487,7979,104,57,4.735806226730347,34.03100028038021,8075,21712,64827,29,5867,23519,39793,27,6901,18344,99988,24,17001,46042,160887,81,7152,14456,66094,27,8485,29723,50545,24,7499,15982,50114,23,3304,2870,37444,11,4,2,2,1,22,0,55,15,0,2,0,0,1,16,10,22,0,3,2,0,0,0,3,1,99,29,25,55,0,6,2,1,0,21
sympy__sympy-24661,sympy/sympy,1,708,339,359,10,371930,1097.1386430678467,7096,800448,2229.660167130919,30616,75240,99313,259919,0.3820921133122242,328,14,9,1,9,20,304,20,0.06172839506172839,505857,17349,68,98,4.399339437484741,30.357976186275472,10127,19739,46032,41,7996,37445,44696,30,7626,21834,97145,26,12229,39251,113863,46,33473,80688,216554,114,17451,41465,163220,48,7268,16317,64585,23,3143,3180,54353,11,7,4,1,0,3,0,45,4,1,3,0,0,0,24,11,46,0,1,10,0,0,1,5,0,114,11,35,64,0,5,61,0,0,38
